# # All spikes for Neuron
0.374900
0.527875
0.907550
1.094000
1.423800
1.680550
1.983100
2.133600
2.255700
2.589625
2.628575
2.742700
2.832750
3.107325
3.713825
4.037200
4.256225
4.486850
4.825050
4.935125
4.999200
5.105875
5.668650
5.922000
6.034950
6.270750
6.435900
6.460975
6.592775
7.029575
7.068875
7.389900
7.464375
7.648750
7.811050
7.910300
8.110600
8.252275
8.310300
8.462250
8.591300
8.717425
8.888675
9.050600
9.179950
9.211325
9.231975
9.527575
9.625875
9.627275
9.663850
9.764725
9.823750
9.881075
9.949675
10.115850
10.187550
10.260800
10.315200
10.440725
10.456675
10.554025
10.711300
10.749725
10.774425
10.834650
10.836275
10.845750
10.855150
10.869300
10.951925
11.093900
11.164175
11.287250
11.312575
11.349500
11.389775
11.435475
11.632825
11.634450
11.673425
12.052500
12.127275
12.248300
12.268775
12.366375
12.374725
12.494100
12.690075
12.791475
12.858950
12.887125
12.983900
12.986900
13.030325
13.137950
13.189750
13.297225
13.451050
13.571825
13.760775
13.838150
13.878575
13.937575
14.055850
14.122250
14.128350
14.141300
14.303900
14.397050
14.576925
14.656150
14.737600
14.753525
14.777800
14.810350
14.897375
14.949375
14.994275
15.187300
15.199150
15.392775
15.405700
15.540450
15.586575
15.662800
15.769075
15.846200
15.960825
16.037575
16.151850
16.242400
16.300825
16.367500
16.569425
16.676200
16.689700
16.714250
16.879900
16.907125
16.920825
16.946400
17.206800
17.212625
17.221475
17.232675
17.383175
17.449875
17.569275
17.771275
18.054675
19.164025
19.218000
19.744050
19.970675
20.205400
20.425150
21.874675
22.380275
22.505150
22.716550
22.875300
23.155125
23.173800
23.741575
24.348650
24.636150
24.658625
25.076750
25.405750
25.976050
26.192725
26.257475
26.532975
26.723475
26.816325
26.940575
26.967625
27.096875
27.308000
27.710475
27.821900
27.951575
27.987950
28.074875
28.294275
28.376625
28.435525
28.483925
28.648950
28.723550
28.771150
28.845050
29.006400
29.064750
29.194250
29.290350
29.418775
29.505275
29.534025
29.586975
29.721950
29.941225
30.109450
30.192525
30.293675
30.373225
30.441525
30.531375
30.599725
30.667425
30.924325
30.982175
31.051450
31.217450
31.236750
31.257925
31.562400
31.647500
31.838425
31.902750
31.991825
32.086075
32.166575
32.255550
32.316875
32.483200
32.552150
32.631300
32.751575
32.797750
32.845050
32.955100
33.030225
33.120750
33.185650
33.247575
33.327725
33.443200
33.542275
33.660650
33.726875
33.814050
33.889100
34.190575
34.267200
34.346675
34.431150
34.509000
34.574325
34.656100
34.735500
34.833775
34.872325
35.011825
35.092250
35.261375
35.493950
35.599775
35.726275
35.826175
35.920400
36.232150
36.343925
36.474775
36.521775
36.784750
37.132775
37.284300
37.710975
37.795025
37.993275
38.070150
38.172650
38.253825
38.338575
38.409400
38.495600
38.627600
38.703500
38.776800
38.891800
39.013300
39.084500
39.140275
39.207650
39.373400
39.468300
39.627625
39.724925
39.924850
40.001550
40.143725
40.178725
40.275550
40.280925
40.311325
40.327075
40.334225
40.704750
40.756125
40.820250
40.839450
40.997175
41.135850
41.186625
41.379850
41.397650
41.453750
41.669425
41.700250
41.766750
41.966925
42.026875
42.424575
42.793625
42.980150
43.732700
43.964625
44.111875
44.227000
44.369350
44.576100
44.668100
44.876050
45.057525
45.226000
45.411350
45.833475
46.089925
46.254675
46.367425
46.395650
46.467825
46.571775
46.654275
47.107475
47.199475
47.283825
47.422750
47.512300
47.637250
47.687775
47.772950
47.944625
48.101800
48.313075
48.482375
48.600100
48.889175
49.031975
49.203525
49.411075
49.587700
49.755700
50.053400
50.169675
50.392800
50.621600
50.845400
51.214375
51.321750
51.394425
51.508075
51.565125
52.149300
52.395025
52.484600
52.485725
52.499450
52.836975
52.855325
52.992200
53.044775
53.370100
53.474025
53.598975
53.622975
53.763600
53.870675
53.973350
54.225150
54.285700
54.460225
54.512650
54.572125
55.152275
55.244125
55.460325
55.484400
55.552475
55.667700
55.862075
55.994725
56.064500
56.085825
56.102225
56.192675
56.356100
56.415600
56.516650
56.590600
56.755550
57.006800
57.320625
57.505200
57.743600
58.090725
58.113625
58.230200
59.396750
59.566775
59.636300
59.721025
59.789775
59.973625
60.123525
60.174650
60.433950
60.563300
60.661850
60.682800
60.847000
61.100400
61.225500
61.357475
61.431675
61.938650
62.453300
62.807800
62.965950
63.162250
63.416800
63.613550
63.894600
64.095125
64.315175
64.357075
64.810775
64.991450
65.230425
65.382450
65.654750
65.769825
65.940800
66.271350
66.370100
66.522875
66.698650
66.863600
67.118475
67.318475
67.424450
67.636350
67.943750
68.217900
68.526500
68.653000
69.349575
69.439100
69.644975
69.772025
69.848325
69.902950
70.201650
70.349550
70.489575
70.560225
70.860250
71.051575
71.292075
71.561575
71.690975
71.929550
72.031925
72.213150
72.485575
72.637200
72.833325
73.098925
73.549325
73.732250
73.828000
74.078000
74.179050
74.474225
74.581100
74.669950
74.746125
74.756850
75.052000
75.082600
75.163075
75.212850
75.369950
75.538975
75.691100
75.765800
75.850400
75.982075
76.026625
76.171975
76.330975
76.344675
76.543850
76.840175
76.906250
77.294075
77.850800
77.999875
78.120375
78.317800
78.544275
78.550100
78.899075
78.994875
79.630850
79.657300
80.009225
80.147200
80.373375
80.443700
80.836800
80.918425
81.325625
81.585850
81.721075
81.927125
82.132625
82.243575
82.325325
82.487875
82.609450
82.614175
82.737775
83.011075
83.112825
83.270625
83.879600
84.079475
84.209075
84.211000
84.451750
84.910200
85.045300
85.348925
86.196425
86.688200
86.811050
87.026700
87.211575
87.346825
87.464125
87.589375
87.809000
87.904350
88.427975
88.522900
88.876650
89.370450
90.470300
91.038425
91.163175
91.686650
91.877000
92.060575
92.336150
92.392375
92.468475
92.552225
92.615250
92.654400
92.735500
92.818825
92.859850
92.893350
92.966025
93.051775
93.079200
93.165025
93.296425
93.297775
93.314250
93.516450
93.705400
93.757425
93.948800
93.987800
94.003800
94.034225
94.125500
94.161275
94.210625
94.224050
94.233500
94.344475
94.515375
94.526575
94.575275
94.764400
94.807975
95.138975
95.156200
95.325175
95.373200
95.384900
95.498950
95.551775
95.601775
95.714925
95.824850
95.905425
95.928600
95.971950
96.094575
96.374175
96.427300
96.494125
96.580825
97.113750
97.236125
97.427125
97.509225
97.520600
97.693950
98.082150
98.346150
98.391975
98.631600
98.837025
99.434650
99.992150
100.245150
100.248825
100.352550
100.379975
100.802175
100.965300
101.123975
101.343550
101.470075
101.634250
101.741325
101.846550
101.848050
102.060975
102.340050
102.471125
102.805825
102.886675
103.026275
103.129750
103.227725
103.234775
103.253000
103.294850
103.318300
103.327475
103.396925
103.405750
103.537800
103.595950
103.767825
103.920150
103.953375
103.982775
104.154950
104.415825
104.495050
104.679050
104.758450
104.998650
105.142550
105.327875
105.416575
105.462250
105.515075
105.638750
105.739125
105.835225
105.944900
105.986400
105.991800
106.057650
106.078850
106.274475
106.298075
106.341850
106.415375
106.610700
106.617200
106.644400
106.659500
106.663150
106.700425
106.735225
106.762775
106.847675
107.007325
107.089825
107.163975
107.172525
107.235450
107.340300
107.400850
107.433375
107.521375
107.634025
107.658775
107.905950
107.949075
108.074350
108.525200
108.561725
108.626200
108.629150
108.699675
108.757950
108.929925
109.162750
109.289450
109.339075
109.471650
109.783325
109.880300
110.095325
110.235225
110.575050
110.651700
110.930800
110.998750
111.322350
111.465075
111.466675
111.654125
111.800425
111.886600
112.017725
112.227825
112.558725
113.218100
113.320750
113.544350
113.795200
113.855100
114.204000
114.441425
114.918900
115.040175
115.086275
115.539975
115.743475
116.053675
116.238225
116.444000
116.701725
116.743775
116.894325
117.078625
117.302300
117.645725
117.791675
118.112550
118.196275
118.460800
118.623200
118.789700
118.999425
119.151675
119.218675
119.655625
119.969500
120.196975
120.406775
120.644425
120.958825
121.119550
121.221625
121.468325
121.546975
121.753375
121.902225
122.159150
122.302875
122.353475
122.461600
122.533325
122.708475
122.865375
123.056275
123.171025
123.269100
123.599150
123.875900
124.100275
124.336650
124.423550
124.558125
124.800600
124.957175
125.081800
125.275150
125.511300
125.654400
125.781100
125.863925
125.974750
126.143400
126.248925
126.326625
126.457550
126.505550
126.686700
126.735800
126.971425
127.091550
127.541900
127.567725
127.713825
127.746050
127.798000
127.804025
127.922275
127.966325
128.049150
128.302750
128.348525
128.387075
128.423275
128.558475
128.702375
128.733600
128.856875
128.987450
129.070525
129.168125
129.208675
129.394900
129.529225
129.600225
129.622500
129.697625
129.779175
129.921275
130.045775
130.126100
130.284425
130.352850
130.406650
130.408175
130.421250
130.505575
130.578850
130.584550
130.716275
130.772825
130.853300
130.889650
130.947350
131.024375
131.034500
131.211600
131.284125
131.308550
131.353875
131.467000
131.481950
131.513225
131.566975
131.594975
131.645125
131.700475
131.732500
131.873275
131.905825
132.006375
132.197800
132.219175
132.283400
132.418000
132.536225
132.696775
132.798300
132.936050
133.236775
134.065775
134.202500
134.216675
134.716575
135.015475
135.065300
135.507250
135.630875
136.078525
136.335850
136.419425
136.602900
136.757375
136.880700
136.964725
137.068175
137.360475
137.482200
137.517975
137.575175
137.756575
137.902975
138.032225
138.323325
138.481725
138.537375
138.956200
139.197100
139.364425
139.432425
139.440175
139.570900
139.705350
140.021150
140.184625
140.274900
140.295550
140.429425
140.469275
140.670925
140.830125
141.037525
141.142100
141.161400
141.446975
141.597500
141.855300
142.039300
142.246850
142.755375
142.945150
143.084525
143.273975
143.370775
143.426875
143.686650
144.005000
144.348025
144.403700
144.621775
144.743225
144.892725
145.164825
145.675525
145.824325
146.088800
146.291625
146.369750
146.625125
146.776050
147.042300
147.460650
147.713875
148.004375
148.560775
148.788575
148.973450
149.270350
149.467300
149.722300
150.220800
150.404150
150.570025
150.721900
150.918850
151.124900
151.168450
151.411950
151.649625
151.863250
151.994275
152.113775
152.310775
152.440325
152.556275
152.642350
152.702275
152.875175
153.137350
153.238350
153.350050
153.465400
153.611150
153.836050
153.928525
154.057625
154.243075
154.670125
154.780400
154.911800
155.123650
155.276400
155.509300
155.639400
155.647725
155.775200
156.138825
156.427825
156.722225
156.855825
157.110450
157.276875
157.479875
157.640800
157.821025
158.201375
158.361425
158.599475
158.720725
158.886100
159.050200
159.244125
159.478900
159.737050
159.904350
160.092600
160.116450
160.213650
160.313450
160.319400
160.468975
160.619825
160.812250
160.968150
161.256075
161.507800
161.510300
161.626850
161.763250
161.904675
161.998025
162.168850
162.393725
162.572325
162.751475
162.964300
163.112275
163.248275
163.682200
163.861775
164.016925
164.262950
164.384200
164.525250
164.834000
164.951975
165.116025
165.283075
165.439200
165.537575
165.676825
165.834950
165.922550
166.095025
166.143200
166.215275
166.317225
166.431450
166.556900
166.607475
166.704850
166.842725
167.070350
167.233000
167.341650
167.686350
167.775350
167.934575
168.098800
168.194575
168.455200
168.675050
168.758700
168.842400
168.846725
169.070125
169.252975
169.358500
169.408100
169.666450
169.867775
170.083100
170.255775
170.445300
170.478225
170.548925
170.801150
170.904075
170.957475
171.031125
171.160900
171.327400
171.750825
171.947475
172.026450
172.142725
172.338950
172.478975
172.686750
172.914900
172.987925
173.074225
173.288575
173.523525
173.612775
173.822150
174.059575
174.259050
174.423875
175.129425
175.310050
175.555750
175.806025
175.844225
176.034100
176.581775
176.688975
176.817450
177.016275
177.169475
177.537875
177.918125
178.242050
178.284425
178.443200
178.563150
178.795650
178.897825
179.161025
179.361725
179.664325
179.856325
180.018925
180.181875
180.482225
180.712125
180.915450
181.053275
181.369625
181.494500
181.546250
181.702600
181.711500
181.868725
181.984700
182.088775
182.163300
182.593000
182.761600
183.027900
183.155100
183.400000
183.523200
183.686725
183.969775
184.045375
184.328175
184.495750
184.718675
184.888375
185.027500
185.183125
185.377575
185.866800
186.016850
186.151100
186.187150
186.272775
186.320125
186.403625
186.602225
186.731900
186.861100
186.972825
187.190325
187.253050
187.350825
187.558675
187.708350
187.789300
188.206775
188.405625
188.599275
188.778925
188.901700
188.953600
189.009925
189.182275
189.507525
189.609775
189.769075
190.135075
190.249225
190.346900
190.442775
190.637350
190.705125
191.023850
191.267500
191.498200
191.649875
191.675700
191.975700
192.031825
192.080975
192.185325
192.216175
192.229475
192.303125
192.340400
192.419475
192.516925
192.703900
192.888550
193.064700
193.159175
193.211950
193.266550
193.293650
193.317800
193.439925
193.529350
193.724900
193.766475
193.784525
193.854775
193.923500
193.969000
194.093500
194.165500
194.243725
194.304800
194.534725
194.678000
194.766200
194.914750
194.977375
195.051450
195.148950
195.264375
195.290050
195.404300
195.469750
195.565925
195.899375
196.013225
196.111300
196.158400
196.232300
196.252850
196.274650
196.486300
196.702450
196.788425
196.911950
196.992075
197.016950
197.051925
197.133175
197.145875
197.244500
197.275450
197.390425
197.442725
197.465250
197.639125
197.703250
197.737300
197.790600
197.819425
197.871450
197.940025
198.018000
198.113450
198.227625
198.285400
198.482600
198.638900
198.706350
198.736525
199.047500
199.299350
199.531925
199.661575
199.679425
199.691450
199.764025
199.869875
200.256675
200.504750
200.541400
200.812275
201.031375
201.195875
201.218525
201.510200
201.633050
201.828600
202.126725
202.271200
202.438625
202.661950
202.729025
202.944850
202.947400
203.099150
203.209450
203.332850
203.420350
203.533475
203.809000
203.979700
203.995475
204.278250
204.426500
204.845075
205.150125
205.396075
205.573550
205.772875
205.899450
206.028025
206.200675
206.318575
206.456150
206.502200
206.575075
206.691000
206.830725
206.968725
207.041475
207.052675
207.365900
207.424350
207.626275
207.860475
207.985575
208.093700
208.223575
208.336450
208.378750
208.415225
208.509800
208.631625
208.784325
208.786825
208.927375
209.201050
209.205725
209.391475
209.591300
209.748425
209.961225
210.110575
210.237950
210.397050
210.404225
210.696875
210.838750
211.013400
211.139450
211.298500
211.694025
211.837825
212.116050
212.264925
212.273400
212.425050
212.611100
212.723025
212.781400
212.999675
213.142750
213.164725
213.383425
213.508275
213.611675
213.709700
213.898850
214.024850
214.120350
214.156475
214.249050
214.433575
214.540225
214.601500
214.663150
214.728725
214.865750
215.002425
215.105650
215.156125
215.281650
215.319125
215.407025
215.554200
215.693200
215.847775
215.888725
215.960725
216.115800
216.336250
216.472725
216.547300
216.677825
216.918025
217.024175
217.110850
217.319200
217.487100
217.613675
217.714525
217.849375
217.975150
218.126925
218.257450
218.288525
218.374350
218.545325
218.743450
218.777375
218.880375
218.883775
218.902000
218.908550
219.187225
219.407275
219.643175
219.738525
220.023975
220.170950
220.205375
220.274225
220.345800
220.367500
220.444625
220.555550
220.613050
220.615375
220.751150
220.798150
220.868250
220.907150
220.976750
221.005500
221.419650
221.469750
221.483850
221.497125
221.590775
221.648825
221.739200
221.798150
221.859325
221.890550
221.913825
222.024025
222.201075
222.231000
222.320075
222.389275
222.390425
222.534400
222.665525
222.707650
222.803850
222.822100
222.938750
223.057950
223.066300
223.204100
223.363575
223.422850
223.484425
223.610875
223.640950
223.723325
223.836275
223.914875
224.112550
224.162100
224.187075
224.200275
224.228875
224.381100
224.470375
224.538800
224.626175
224.698975
224.860200
224.950375
224.963300
225.006425
225.088175
225.095725
225.307850
225.315150
225.367625
225.410125
225.443825
225.471950
225.696925
225.764775
225.827175
225.947050
226.180950
226.259950
226.349575
226.642950
226.742775
226.839125
226.857375
227.250975
227.352400
227.577650
227.853250
228.124950
228.244900
228.327225
228.463350
228.526650
228.753175
228.850275
229.107625
229.427150
229.716950
230.029525
230.395500
230.506925
230.543850
230.595775
230.679625
230.861700
230.961225
231.019150
231.149875
231.272400
231.387975
231.466925
231.619325
231.719200
231.811925
231.950400
232.048175
232.119000
232.208675
232.325725
232.458150
232.661525
232.832150
232.932925
233.022300
233.113750
233.189825
233.192550
233.270050
233.593400
233.661975
233.834575
233.910800
234.001175
234.381725
234.489725
234.640575
234.763900
234.875575
234.964775
235.068475
235.269550
235.308625
235.350125
235.455425
235.581025
235.694500
235.796975
235.891525
235.986275
236.093825
236.186325
236.307975
236.390850
236.519950
236.684350
236.893925
236.968275
237.133450
237.204200
237.256925
237.346800
237.427975
237.735525
237.862350
237.995450
238.126100
238.327900
238.679075
238.795600
238.913850
239.033300
239.035875
239.129600
239.131025
239.292375
239.312950
239.411325
239.525925
239.668925
239.854200
239.945150
239.949650
240.054750
240.201625
240.399350
240.518000
240.651850
240.805800
240.940875
240.953050
241.087125
241.235400
241.328675
241.422550
241.502700
241.714600
241.812875
241.873275
241.971500
242.081600
242.183850
242.324700
242.328400
242.387825
242.498950
242.600500
242.662025
242.837350
242.904450
242.916525
242.996975
243.166625
243.245850
243.347625
243.443600
243.609025
243.724625
243.843400
243.946725
244.098050
244.220750
244.230875
244.283200
244.375325
244.507000
244.509575
244.670475
244.832025
244.913350
244.976000
245.048350
245.058075
245.101550
245.209800
245.256500
245.290300
245.371900
245.452300
245.466425
245.548125
245.569275
245.592375
245.696700
245.726650
245.794550
245.899975
245.980600
246.007500
246.052350
246.267200
246.313000
246.386775
246.394200
246.576425
246.606025
246.640550
246.661100
246.765025
246.871025
246.873725
246.889500
247.132625
247.264800
247.308100
247.332425
247.378050
247.617475
247.817825
247.966725
248.100500
248.284625
248.442875
248.706950
248.924225
249.237225
249.412025
249.601650
249.898700
250.350575
250.500800
250.802475
250.946275
251.151825
251.302075
251.404900
251.559325
251.816725
251.942675
252.074800
252.254600
252.420325
252.535125
252.638725
252.742200
252.904500
253.072925
253.188200
253.294450
253.421700
253.615975
253.724275
253.849375
253.945575
254.285350
254.409450
254.519375
254.608500
254.760550
254.890650
255.043725
255.163625
255.285100
255.369125
255.497225
255.538150
255.694150
255.887475
255.995775
256.190800
256.425000
256.533350
256.767500
256.945625
257.225950
257.353125
257.494125
257.612025
257.793775
257.921350
258.033350
258.170100
258.243100
258.247425
258.340400
258.691425
258.825925
258.865675
258.942650
259.419925
259.541525
259.632325
259.727775
259.801900
259.907250
259.943425
260.021775
260.075175
260.170775
260.204975
260.231550
260.538825
260.663850
260.716425
260.780950
260.867125
261.115075
261.133250
261.159750
261.261400
261.286075
261.372675
261.388475
261.494825
261.562275
261.676225
261.739875
261.809275
261.858725
261.949300
262.038375
262.073925
262.091600
262.202550
262.215675
262.358775
262.459325
262.617525
262.640350
262.701800
262.797725
263.000600
263.028450
263.075100
263.098475
263.323675
263.325775
263.391300
263.450125
263.451300
263.518825
263.596825
263.682625
263.750475
263.920475
263.962975
264.092825
264.094925
264.181200
264.225825
264.246575
264.417100
264.498125
264.604225
264.728575
264.771425
264.868900
264.992400
265.068100
265.113450
265.168175
265.320875
265.322900
265.372450
265.440550
265.492575
265.572025
265.588375
265.778825
265.807300
265.917650
265.924725
265.991700
266.018150
266.072350
266.129950
266.242075
266.441700
266.612350
266.711250
266.832875
266.927250
267.045975
267.338425
267.436125
267.442325
267.661725
267.684275
267.796750
267.865425
267.888675
268.097750
268.129475
268.564350
268.781050
268.868425
269.059400
269.148775
269.231425
269.367300
269.592850
269.600450
269.682650
269.699725
269.761175
269.804950
269.841675
269.854925
269.904225
269.915125
270.014800
270.091100
270.120200
270.139925
270.191775
270.208350
270.325500
270.368500
270.444550
270.454725
270.465575
270.475425
270.500975
270.745300
270.813000
270.827800
270.973175
271.213525
271.358950
271.378825
271.454075
271.456025
271.516450
271.704925
271.834800
271.885100
272.664875
272.854875
273.024450
273.515400
273.653325
274.036075
274.232500
274.467275
274.559600
274.947850
275.153950
275.301400
275.395425
275.997100
276.184850
276.290000
276.438475
276.584000
276.771950
277.407450
277.923000
278.143375
278.444500
278.673975
278.816700
278.940775
279.058200
279.345550
279.434000
279.615025
279.752850
279.849500
279.952675
280.058850
280.234400
280.354600
280.473150
280.705225
280.898325
281.018500
281.310700
281.454475
281.628725
281.761575
281.975375
282.191125
282.387125
282.522325
282.654050
282.663650
282.947425
283.214875
283.437900
283.542400
283.598100
283.771800
283.849975
283.945875
284.142175
284.457525
284.575750
284.738825
284.928000
285.072525
285.181500
285.532125
285.773175
285.866550
285.952675
286.388925
286.937950
287.515750
287.555475
287.704275
287.965125
288.247950
288.711050
288.941275
289.155425
289.564050
289.709900
289.847150
289.976425
290.372825
290.507525
290.678350
290.740500
290.939200
290.961500
291.109275
291.253600
291.488700
291.859250
292.075800
292.166050
292.441425
292.835325
292.940500
293.138925
293.287575
293.406950
293.409800
293.745450
293.961725
294.072075
294.322550
294.496225
294.631550
294.751250
294.912850
295.258225
295.454100
295.631875
296.005100
296.157825
296.230875
296.283900
296.295000
296.360175
296.450250
296.484750
296.521675
296.662825
296.737000
296.883600
297.007675
297.099875
297.139925
297.232900
297.432875
297.512525
297.593050
297.681500
297.732775
297.867875
297.939750
298.001300
298.039325
298.264625
298.356950
298.468700
298.581500
298.725150
298.769300
299.009675
299.080725
299.147550
299.353250
299.368625
299.429025
299.490275
299.497100
299.528850
299.593500
299.617950
299.736425
299.824700
299.854250
299.957450
300.029200
300.103275
300.232750
300.307900
300.315300
300.316625
300.529175
300.739350
300.808225
300.814500
300.924850
300.978825
300.989375
301.115475
301.136850
301.337800
301.442025
301.508175
301.687375
301.850250
301.942675
301.988625
302.013425
302.090725
302.128850
302.172825
302.182100
302.228075
302.276625
302.357250
302.483125
302.528725
302.539450
302.570450
302.603725
302.686300
302.945375
303.074050
303.089625
303.126675
303.154825
303.244075
303.255625
303.377150
303.396550
303.535125
303.567075
303.651200
303.667325
303.725000
303.768200
303.772100
303.835550
303.902300
303.958225
303.978125
304.011750
304.061150
304.172225
304.207900
304.239375
304.356325
304.470125
304.598325
304.736000
304.809275
304.989775
305.119050
305.196275
305.669625
305.788725
305.871100
306.069375
306.115575
306.338725
306.440350
306.458550
306.512725
306.523175
306.542800
306.569550
306.584425
306.617075
306.836500
307.138425
307.258150
307.358775
307.456400
307.619900
307.664525
307.723700
307.758025
307.883275
307.952775
307.963850
308.005075
308.104375
308.114925
308.227150
308.230900
308.274875
308.331350
308.369375
308.450925
308.571525
308.635800
308.720025
308.881625
309.001425
309.123325
309.187375
309.312375
309.430300
309.534650
309.591175
309.593100
309.796000
309.930075
310.001600
310.062925
310.157025
310.244650
310.300775
310.354175
310.388850
310.410150
310.647250
310.666300
310.775500
310.856600
310.908250
310.929550
311.021850
311.088950
311.165450
311.255625
311.307625
311.427025
311.526200
311.633275
311.697375
311.709325
311.824525
311.861600
311.901875
311.941800
312.395175
312.536225
312.576700
312.762125
312.839050
312.993550
313.113200
313.207900
313.361125
313.511925
313.601900
313.951225
314.060400
314.750300
315.124250
315.468750
315.773200
315.974450
316.291875
316.427725
316.561850
316.693950
316.869075
317.003500
317.138825
317.163925
317.278825
317.423175
317.521000
317.747275
317.937525
318.120425
318.269600
318.430550
318.678575
318.785775
318.880725
318.998650
319.159450
319.279825
319.530725
319.617200
319.719725
319.845500
319.962825
320.140650
320.281850
320.307600
320.420800
320.558775
320.724675
320.857625
320.945050
321.048725
321.180800
321.305150
321.690850
321.943875
322.081150
322.217000
322.381475
322.520675
322.763825
322.939800
323.087625
323.219825
323.400700
323.493450
323.667700
323.770975
323.876525
324.002775
324.028000
324.260375
324.320625
324.415225
324.496625
324.509550
324.640900
324.872700
325.073075
325.194725
325.285100
325.751700
325.956050
326.051225
326.197525
326.250925
326.344075
326.412525
326.507475
326.613850
326.663375
326.680275
326.727000
326.859475
326.906900
326.961750
327.042875
327.072900
327.097600
327.154925
327.230675
327.288500
327.321200
327.333775
327.367175
327.477350
327.625975
327.645625
327.648500
327.708925
327.798350
327.945875
327.999350
328.166875
328.187775
328.279550
328.297425
328.361425
328.372950
328.438350
328.510100
328.580050
328.582450
328.673575
328.704750
328.921125
328.926800
329.004550
329.160550
329.232200
329.328450
329.463900
329.556450
329.623950
329.657475
329.676950
329.709975
329.725225
329.846850
329.886375
329.917200
329.932050
330.016075
330.033475
330.090000
330.312275
330.423275
330.482650
330.538675
330.559825
330.652775
330.665025
331.076475
331.485050
331.768275
331.855200
331.957100
331.976100
331.983225
332.117750
332.185275
332.247425
332.349250
332.402475
332.512900
332.740125
332.822975
332.882450
332.983300
333.043725
333.106350
333.130750
333.167100
333.242550
333.416375
333.475950
333.553275
333.632275
333.684425
333.790350
333.796625
333.876825
333.922100
333.923425
333.936075
334.028100
334.062825
334.064375
334.149550
334.205750
334.454950
334.555475
334.633475
334.776900
334.791400
334.849175
334.886775
334.963075
335.079025
335.130300
335.299075
335.378175
335.383975
335.429975
335.466400
335.537600
335.621475
335.661225
335.769750
335.830775
335.834225
335.855900
335.883825
335.928425
336.053700
336.106025
336.186975
336.223600
336.362750
336.420675
336.566700
336.645875
336.686575
337.070000
337.193875
337.315975
337.408850
337.488300
337.612675
337.822625
338.046525
338.469875
338.722825
338.899875
339.023300
339.190675
339.284300
339.326750
339.704400
339.816375
339.877900
339.999075
340.072500
340.192550
340.414700
340.483100
340.487075
340.605825
340.940000
341.010500
341.088750
341.247250
341.473000
341.505425
341.708975
341.717175
341.885625
341.959000
342.079975
342.175925
342.352575
342.475000
342.549975
342.637550
342.740325
342.777550
342.830400
342.939350
343.016625
343.066225
343.168725
343.244175
343.306925
343.425600
343.489900
343.605200
343.658600
343.808500
343.882525
343.917825
344.018100
344.147825
344.292525
344.392075
344.437325
344.454050
344.575200
344.657525
344.953650
345.282175
345.511150
345.615950
345.890650
346.101225
346.221475
346.289125
346.366075
346.488350
346.756050
346.923025
347.032925
347.108675
347.344500
347.447100
347.523575
347.619050
347.749825
347.816475
347.961625
348.047300
348.170375
348.275300
348.555450
348.624450
348.814850
348.914050
349.011050
349.156375
349.224825
349.376250
349.456025
349.522325
349.655225
349.816050
349.970575
350.065325
350.210025
350.329900
350.449800
350.532925
350.631950
350.715150
350.789325
350.881350
350.956625
350.986775
351.141150
351.172900
351.218525
351.316325
351.422600
351.502425
351.599650
351.728650
351.839900
351.987025
352.072075
352.296275
352.416050
352.533400
352.557925
352.626275
352.759500
352.813200
353.010775
353.098100
353.143625
353.147400
353.346100
353.563325
353.700225
353.784525
353.886600
354.129525
354.227525
354.342750
354.442675
354.537225
354.635800
354.721150
354.810125
354.872625
354.966575
355.110925
355.210900
355.291625
355.374950
355.443900
355.531050
355.639175
355.765125
355.845175
355.900325
356.003925
356.086275
356.202850
356.319425
356.446900
356.588975
356.661200
356.778450
356.907225
356.987350
357.091275
357.181975
357.189400
357.275425
357.376875
357.483975
357.584725
357.913575
358.035100
358.341275
358.921425
359.073725
359.429375
359.623225
359.815550
360.015150
360.283225
360.436700
360.562125
360.766175
360.915300
360.998175
361.362225
361.465600
361.533700
361.660825
361.776025
361.910600
361.940625
362.052650
362.058400
362.165400
362.277550
362.387825
362.493000
362.577775
362.698125
362.881500
362.975525
363.055850
363.164500
363.177800
363.241075
363.334975
363.424225
363.497250
363.584800
363.816950
364.049550
364.134775
364.249975
364.364125
364.475325
364.667200
364.762700
364.864675
365.017750
365.129850
365.478625
365.659425
365.915750
366.053700
366.266400
366.598100
366.710125
366.718675
366.803900
366.986600
367.108725
367.244450
367.312200
367.382075
367.532150
367.658025
367.757800
367.766550
367.873300
367.968025
368.159050
368.231650
368.243475
368.375250
368.454475
368.484700
368.731700
368.827650
368.924575
368.995825
369.177575
369.308600
369.648225
369.764925
369.921675
370.018325
370.103725
370.110375
370.229900
370.332175
370.446825
370.541475
370.695475
370.787800
370.948850
371.079100
371.154750
371.255375
371.342900
371.658925
371.666300
371.797550
371.950700
372.076800
372.200225
372.416475
372.549050
372.650575
372.722650
372.756150
372.953725
373.058700
373.264350
373.422125
373.528325
373.666375
373.902200
374.050600
374.194000
374.297775
374.380100
374.480500
374.569475
374.715650
374.801925
374.895550
375.043500
375.164775
375.324200
375.469025
375.553925
375.692000
375.776400
375.885650
376.033150
376.138600
376.163050
376.207550
376.397825
376.532300
376.689875
376.772550
376.815150
376.892425
376.990200
377.023575
377.152775
377.159575
377.297775
377.369950
377.464950
377.558950
377.726875
377.869600
377.915175
377.961600
377.972000
378.251375
378.371525
378.418075
378.619925
378.861400
379.024000
379.193400
379.350950
379.361075
379.439475
379.659600
379.770875
380.007875
380.246550
380.323050
380.427325
380.568400
380.706375
380.773050
380.868300
380.977925
381.211300
381.345100
381.517975
381.605000
381.761250
381.801400
381.882300
381.999900
382.162325
382.248550
382.444000
382.621350
382.700050
382.812100
382.825875
382.932575
383.006925
383.092550
383.310600
383.398150
383.525950
383.596525
383.672275
383.762525
383.870950
383.988300
384.145450
384.395200
384.511050
384.599775
384.773600
384.933850
385.049975
385.071225
385.131975
385.260600
385.354050
385.464800
385.547625
385.615350
385.807275
385.845575
385.975325
386.049025
386.142450
386.326350
386.462275
386.565900
386.668675
386.740850
386.846775
386.915550
386.987950
387.117725
387.265075
387.365550
387.478600
387.550725
387.695750
387.767325
387.791675
387.901925
387.996725
388.162475
388.424400
388.615850
388.730650
388.821025
388.830450
388.962925
389.065400
389.179825
389.289650
389.358400
389.451950
389.572600
389.655200
389.771725
389.882975
390.000500
390.094675
390.199125
390.313475
390.447775
390.529275
390.533400
390.708550
390.799950
390.846550
390.950300
391.040250
391.062450
391.230000
391.390775
391.410375
391.501050
391.619900
391.813175
391.938600
392.069025
392.167525
392.280250
392.365900
392.419100
392.485475
392.817675
392.847900
392.965200
392.980475
393.115975
393.247100
393.364300
393.438225
393.595950
393.762575
393.878150
393.968100
394.063300
394.196300
394.335625
394.431475
394.527925
394.542125
394.677000
394.714275
394.842400
394.938325
395.070750
395.181800
395.253850
395.280575
395.325525
395.441350
395.471200
395.479275
395.509900
395.535350
395.621500
395.725075
395.830900
395.891800
395.961325
395.962400
395.998625
396.025950
396.057550
396.084450
396.137175
396.154600
396.216350
396.283750
396.362050
396.377375
396.459750
396.590500
396.596375
396.616525
396.725700
396.804850
396.932025
396.952025
397.040300
397.154675
397.204175
397.289850
397.344075
397.437325
397.464350
397.659025
397.771225
397.898975
397.972500
398.022950
398.126650
398.442825
398.473525
398.625775
398.629025
398.772650
398.815900
398.866100
399.062325
399.064450
399.144375
399.149700
399.176725
399.283100
399.289875
399.369625
399.378975
399.385850
399.519750
399.598700
399.647750
399.682400
399.745175
399.814825
399.971925
399.993625
400.022625
400.123800
400.147925
400.198400
400.544275
400.568000
400.662475
400.673775
400.756600
400.897000
400.923975
400.976075
401.107475
401.132775
401.260725
401.273700
401.276650
401.440725
401.529875
401.619500
401.695050
401.706025
401.708100
401.811925
401.823650
401.879025
401.914300
402.222125
402.241800
402.334275
402.350575
402.590675
402.604650
402.698175
402.716750
402.956250
402.968475
403.009125
403.043875
403.462150
403.477925
403.524625
403.533700
403.648300
403.661250
403.743400
403.850625
403.920775
404.005450
404.175825
404.284225
404.435775
404.773800
404.980450
405.155650
405.337450
405.392275
405.413525
405.688775
405.770575
405.854900
405.922675
406.000750
406.066825
406.125675
406.193625
406.334950
406.485950
406.554450
406.671450
406.700500
406.752475
406.840400
406.947225
407.049300
407.137175
407.253500
407.369775
407.486450
407.940850
408.002775
408.140150
408.280150
408.430125
408.483600
408.563675
408.808800
408.921400
408.950350
409.040850
409.109125
409.286150
409.370625
409.454175
409.555300
409.665150
409.757275
409.852250
409.981700
410.041225
410.119675
410.199625
410.284125
410.422700
410.485875
410.572225
410.636950
410.773500
410.858750
410.939800
411.021800
411.085925
411.147800
411.223575
411.325725
411.403200
411.525075
411.597800
411.711075
411.770000
411.847325
411.925475
412.006600
412.067500
412.186050
412.257725
412.360525
412.422300
412.529100
412.602550
412.683600
412.775525
412.859550
412.943875
413.074775
413.166525
413.267675
413.350800
413.477150
413.619025
413.692250
413.802725
413.946900
414.039350
414.123775
414.207350
414.317450
414.330250
414.441300
414.592275
414.670900
414.771425
414.871925
414.981625
415.091075
415.182800
415.269525
415.641200
415.781900
415.880600
415.997575
416.092600
416.150800
416.277600
416.424450
416.512675
416.601600
416.708450
416.844875
416.979700
417.090400
417.190600
417.257575
417.321275
417.431200
417.553475
417.610050
417.717400
417.767550
417.856075
417.957400
418.041975
418.101250
418.183175
418.271575
418.367700
418.447950
418.523650
418.621925
418.728400
418.797100
418.902225
419.002600
419.075625
419.154275
419.185250
419.268350
419.378500
419.478825
419.576950
419.670950
419.735975
419.846125
419.904325
419.983325
420.089100
420.171275
420.241450
420.345425
420.428950
420.494050
420.634675
420.754500
421.103750
421.241500
421.377000
421.474725
421.545700
421.723575
421.816850
421.888525
421.965000
422.096200
422.172950
422.333900
422.423700
422.509500
422.601775
422.798275
422.897500
423.017550
423.122700
423.186475
423.249650
423.351250
423.450800
423.556175
423.675275
423.781525
423.927675
424.005300
424.087875
424.191350
424.269300
424.394225
424.567725
424.655875
424.815775
424.880675
425.002925
425.061225
425.191900
425.251450
425.329150
425.387900
425.407825
425.548000
425.630625
425.725875
425.837600
425.945650
426.046675
426.131025
426.221850
426.313175
426.409300
426.500325
426.633350
426.852925
427.006475
427.272900
427.395450
427.535700
427.614050
427.737325
427.809600
427.951675
428.047100
428.162550
428.265025
428.368325
428.436500
428.676250
428.768450
428.874100
428.967050
429.003850
429.059975
429.079425
429.180400
429.271300
429.375475
429.470775
429.584650
429.667775
429.739075
429.795625
429.851900
429.966675
430.026175
430.093925
430.187125
430.265175
430.339600
430.527675
430.650175
430.761600
430.877425
430.970200
431.036525
431.116625
431.138325
431.211950
431.332625
431.410525
431.479875
431.554450
431.638325
431.754825
431.816400
431.926000
432.037425
432.143450
432.258525
432.371575
432.511125
432.619375
432.727875
432.786900
432.857650
432.962750
433.056550
433.135450
433.228825
433.347375
433.450050
433.612525
433.687375
433.831050
433.875625
433.936325
434.026150
434.191550
434.198725
434.351000
434.367425
434.728475
434.878825
435.022025
435.110250
435.255600
435.419650
435.868650
435.977075
436.113800
436.199650
436.276625
436.411925
436.477900
436.653600
436.744475
436.760775
436.829275
437.070775
437.153325
437.330700
437.385625
437.471275
437.578525
437.677550
437.778050
437.867700
438.034975
438.119225
438.247925
438.329800
438.356125
438.444100
438.559300
438.637500
438.716300
438.807550
438.900175
438.982800
439.121600
439.194825
439.314325
439.387350
439.472900
439.610075
439.755925
439.817450
439.917975
440.022450
440.079025
440.161800
440.214100
440.366400
440.477350
440.543250
440.608000
440.713225
440.848150
440.898575
441.004275
441.097050
441.192100
441.288100
441.376350
441.580200
441.748650
441.850400
441.944125
442.036700
442.128700
442.274025
442.389425
442.491325
442.607325
442.755350
442.840275
442.931250
443.038525
443.063325
443.145250
443.219275
443.333225
443.398275
443.516700
443.571175
443.738450
443.828200
443.923850
444.043100
444.146125
444.161725
444.190475
444.313825
444.426300
444.733000
444.913550
444.965850
445.131300
445.224425
445.251100
445.291650
445.389250
445.453825
445.495325
445.522600
445.857225
445.917525
446.016725
446.127475
446.148225
446.202050
446.446525
446.455150
446.572200
446.651825
446.784800
446.950600
446.972225
447.116950
447.167050
447.218500
447.322900
447.334300
447.355525
447.385300
447.435875
447.474525
447.484550
447.492275
447.520800
447.561675
447.587050
447.672350
447.757650
447.833350
447.851350
447.870225
447.938700
447.980800
448.031350
448.073900
448.108000
448.125850
448.198525
448.251450
448.311050
448.322300
448.359700
448.377750
448.382775
448.437275
448.507625
448.675950
448.727525
448.758050
448.774125
448.808625
448.818150
448.950400
448.974350
449.010150
449.092250
449.154875
449.209150
449.222875
449.295150
449.411750
449.650475
449.679400
449.775600
449.885500
450.093800
450.279875
450.628925
450.967900
451.203675
451.453350
451.523175
451.568650
451.706675
451.787225
452.077900
452.187500
452.192325
452.237825
452.266475
452.378650
452.471525
452.482550
452.645425
452.675875
452.691925
452.748150
452.762600
452.844550
453.006650
453.021000
453.068325
453.102675
453.248325
453.361450
453.401725
453.478800
453.581625
453.584575
453.586350
453.740300
453.742850
453.890150
453.983725
454.019475
454.099100
454.133575
454.176500
454.193850
454.265500
454.293975
454.396200
454.430375
454.522875
454.541475
454.589600
454.604400
454.637150
454.652300
454.964750
454.970150
455.065925
455.195500
455.219775
455.230825
455.266425
455.285725
455.313025
455.533175
455.615925
455.648150
455.705900
455.719125
455.883525
455.996175
456.041550
456.136525
456.188375
456.250325
456.289425
456.332150
456.352300
456.372100
456.450800
456.493425
456.598275
456.752075
457.044700
457.203875
457.376700
457.731650
458.081625
458.165775
458.324500
458.489925
458.563250
458.621200
458.733475
458.773825
459.038125
459.167475
459.304475
459.568450
459.696725
459.971075
460.298825
460.502950
460.829850
461.077875
461.295975
461.376025
461.769775
462.138125
462.541025
462.780500
462.981875
463.169850
463.384725
463.662125
463.725025
463.854725
464.133525
464.191100
464.276425
464.721725
464.994250
465.197350
465.347975
465.564375
465.734125
465.898825
465.942175
466.046425
466.182175
466.364625
466.576425
466.718200
467.092100
467.577875
467.756575
467.967100
468.127825
468.246550
468.249925
468.389475
468.487475
468.497475
468.663900
468.765475
468.921800
469.114125
469.377675
469.593350
469.776325
469.957625
470.165400
470.512600
470.643350
470.827050
471.174500
471.519650
472.000575
472.225450
472.363700
472.472050
472.611775
472.795075
473.007275
473.284775
473.574700
473.628900
473.788025
473.984000
474.306775
474.620150
474.833625
475.016625
475.215075
475.400400
475.526000
475.630350
475.632325
475.841225
475.843275
476.083325
476.297125
476.447650
476.840575
477.160475
477.441050
477.911700
478.335300
478.662275
478.927550
478.932500
479.078425
479.372000
480.419875
480.600000
480.761150
481.032800
481.314525
481.601225
481.808100
481.995850
482.271975
482.466950
482.647050
482.820750
482.965650
483.074525
483.302625
483.443925
483.678750
483.809550
483.946250
484.132525
484.302725
484.421700
484.526375
484.635800
484.929000
484.938050
485.130125
485.243725
485.374550
485.626850
486.110225
486.201975
486.316375
486.462825
486.587025
486.715075
486.859875
487.023900
487.201950
487.305325
487.404025
487.454650
487.542550
487.631050
487.680700
487.869575
488.003825
488.321475
488.499375
488.580425
488.736325
488.878950
488.969275
489.102375
489.207975
489.311550
489.487250
489.531125
489.675400
489.889075
489.955225
489.986375
490.073925
490.201900
490.433100
490.505925
490.637375
490.770125
490.956850
491.205975
491.387950
491.595400
491.860750
491.962825
491.995650
492.153850
492.328125
492.412375
492.545775
492.691650
492.796975
492.874525
492.954550
493.120625
493.232975
493.469525
493.572925
493.753775
493.912900
494.150775
494.233975
494.375275
494.451450
494.550725
494.727350
494.796975
494.855300
494.877225
494.992050
495.024475
495.050275
495.173275
495.224750
495.299925
495.351475
495.382150
495.403900
495.479200
495.517550
495.547100
495.552950
495.625650
495.688700
495.814400
495.905125
495.995675
496.035925
496.047725
496.093075
496.115600
496.212975
496.289175
496.427775
496.445000
496.485600
496.512475
496.583275
496.596700
496.745150
496.844550
496.964000
497.323800
497.429425
497.433925
497.546450
497.609475
497.681525
497.695550
497.731100
497.745625
497.774175
497.787900
497.810125
497.925600
497.926825
498.180450
498.291000
498.355075
498.367400
498.425000
498.482125
498.554525
498.635575
498.661650
498.684075
498.776650
498.823000
498.851875
498.960700
499.185375
499.238600
499.240000
499.261550
499.290100
499.313650
499.430600
499.539650
499.794450
499.932575
500.074900
500.403975
500.492775
500.733500
500.928200
501.116000
501.594625
501.785525
501.954275
502.089000
502.326300
502.659450
502.745300
502.872950
503.063225
503.169925
503.227475
503.496575
503.602975
503.760200
503.840550
504.032925
504.101825
504.206900
504.373950
504.494750
504.523375
504.612525
504.785675
504.914450
505.081225
505.231650
505.292175
505.426275
505.445225
505.461875
505.529275
505.614225
505.708250
505.825350
505.838425
505.890175
505.904175
505.984800
506.028225
506.042175
506.081975
506.120100
506.192825
506.235225
506.307225
506.332625
506.347950
506.405950
506.503125
506.544275
506.673675
506.708450
506.801825
506.877725
506.912325
506.937675
506.953600
506.993825
507.109925
507.195550
507.221750
507.289775
507.292300
507.327025
507.359875
507.391700
507.455825
507.553850
507.573250
507.726400
507.766075
507.816375
507.840025
507.888350
507.913225
507.954250
507.984875
508.096875
508.165000
508.187975
508.197725
508.210275
508.215675
508.238725
508.350575
508.468400
508.492825
508.594525
508.616250
508.624775
508.757875
508.824650
508.850625
508.887625
508.928375
509.025400
509.156975
509.232350
509.295775
509.479900
509.648975
509.824575
510.260100
510.402000
510.595675
510.683600
510.821375
510.924525
511.085825
511.244600
511.409950
511.504150
511.590375
511.604250
511.732450
511.917175
511.952350
512.055350
512.061225
512.113800
512.222225
512.304525
512.416750
512.427900
512.755175
513.185900
513.187950
513.271350
513.371575
513.461750
513.586550
513.720300
513.855600
513.983450
514.102250
514.282950
514.380275
514.736700
515.005625
515.519525
515.783025
515.836900
516.025675
516.194625
516.367900
516.448150
516.550000
516.695050
516.752000
516.845500
516.951850
516.993750
517.095950
517.437925
517.558375
517.670425
517.772900
517.990150
518.099500
518.233075
518.391825
518.398600
518.666125
518.832275
518.942425
519.053125
519.145275
519.313450
519.387825
519.511000
519.622225
519.726325
519.866150
519.948200
520.109425
520.215850
520.295100
520.427300
520.566400
520.673500
520.867850
520.982325
521.107925
521.223700
521.414725
521.591775
521.671375
521.862425
522.029050
522.157475
522.519675
522.747975
523.007000
523.136550
523.246550
523.620100
523.771025
523.879575
524.050225
524.054125
524.215425
524.471375
524.671750
524.788675
524.908550
525.019300
525.156475
525.257375
525.432800
525.712125
525.822950
526.315525
526.594000
526.758050
526.904900
527.087800
527.289850
527.532700
527.767150
528.018325
528.292900
528.312650
528.455525
528.640875
528.765800
528.900725
529.099225
529.225325
529.347925
529.482950
529.616075
529.739750
529.810600
529.919525
530.029850
530.146325
530.310900
530.377825
530.576950
530.810325
530.926350
531.041200
531.148175
531.285225
531.400725
531.558775
531.670175
531.794325
532.004975
532.104375
532.251125
532.326800
532.338800
532.353050
532.355725
532.410125
532.894825
533.403225
533.626625
533.741875
533.868725
534.017300
534.141925
534.244000
534.361650
534.546200
534.709925
534.822450
534.975400
535.214675
535.319750
535.378150
535.465975
535.605800
535.713325
535.792300
535.911050
536.011700
536.129025
536.238650
536.403275
536.624350
536.765025
536.902050
536.996300
537.147900
537.453250
537.559275
537.734475
537.863075
537.982975
538.063625
538.179550
538.369725
538.415350
538.578600
538.714000
538.790900
538.926850
539.050350
539.155550
539.197500
539.277175
539.388875
539.660600
539.858325
539.932050
540.073300
540.271425
540.351375
540.614400
540.725250
540.879850
540.987875
541.059100
541.423575
541.617100
541.861150
542.128050
542.319150
542.387400
542.707675
542.886025
543.012725
543.193575
543.272250
543.470225
543.610800
543.967075
544.089400
544.188175
544.241500
544.347525
544.449600
544.586175
544.676800
544.760725
544.925025
545.014100
545.075950
545.216650
545.337675
545.504800
545.638975
545.764650
545.809900
545.849650
545.942075
546.108950
546.240500
546.373800
546.477475
546.581675
546.593975
546.753025
546.844125
546.940675
547.051400
547.148675
547.243325
547.258300
547.400075
547.611525
547.678225
547.789250
547.942675
548.061900
548.157500
548.171575
548.284925
548.318575
548.429525
548.574800
548.721900
548.800750
548.937675
549.042000
549.178825
549.326900
549.417200
549.485375
549.561100
549.701375
549.831600
549.942000
549.943450
550.028175
550.253350
550.364350
550.442375
550.542700
550.656075
550.809800
550.933600
551.075800
551.161075
551.237875
551.386425
551.517825
551.632975
551.732150
551.772800
551.922375
552.046825
552.170775
552.286575
552.288075
552.415125
552.426825
552.605650
552.737100
552.907225
553.022100
553.102550
553.251800
553.376875
553.496900
553.635700
553.706200
553.723725
553.753650
553.794050
553.820575
553.875625
553.944200
554.014600
554.059050
554.216925
554.266225
554.269275
554.328125
554.404050
554.777100
554.802775
554.926700
555.079925
555.188650
555.293925
555.417500
555.617575
555.726425
555.797300
555.810500
555.899625
555.993925
556.096025
556.153675
556.264600
556.399450
556.505050
556.638375
556.774675
556.825950
556.910300
557.012800
557.123100
557.233800
557.340825
557.409700
557.523275
557.648450
557.746900
557.824600
557.941475
558.057325
558.062025
558.158625
558.240175
558.292550
558.383800
558.542150
558.699600
558.789575
558.892900
559.012050
559.139200
559.251425
559.324300
559.434125
559.554200
559.649975
559.741625
559.821900
559.955475
560.053200
560.141500
560.261600
560.340775
560.483575
560.571000
560.727675
560.829150
560.891325
560.944650
560.994025
561.068275
561.224250
561.308425
561.458100
561.524800
561.597525
561.757800
561.940800
562.059100
562.111150
562.167350
562.265300
562.360750
562.586800
562.873225
563.071450
563.144875
563.271400
563.456675
563.675250
563.931200
564.068525
564.178600
564.189600
564.362975
564.479925
564.631625
564.738075
564.869950
564.912250
565.007475
565.151075
565.249175
565.389200
565.500675
565.619825
565.710750
565.830675
565.941275
566.193400
566.243350
566.273050
566.523000
566.680575
566.790750
566.913475
567.052100
567.146725
567.247775
567.358925
567.451150
567.529575
567.611975
567.720150
567.819500
567.902825
568.017075
568.113225
568.253775
568.431425
568.433650
568.543100
568.665650
568.730275
568.852275
568.965850
569.123675
569.274425
569.380650
569.470375
569.508925
569.597200
569.730700
569.842525
569.985150
570.071325
570.165925
570.330175
570.389425
570.488700
570.593325
570.652875
570.670575
570.784400
570.918350
571.014325
571.086850
571.231525
571.339175
571.432025
571.561625
571.684050
571.819200
571.949125
572.013675
572.121200
572.245425
572.331300
572.410025
572.479125
572.625150
572.701725
572.866650
572.950925
573.051150
573.097425
573.110875
573.207250
573.317700
573.395300
573.458675
573.542850
573.607450
573.729800
573.785225
573.850875
573.862150
573.927925
573.989675
574.032700
574.062350
574.167750
574.245775
574.328625
574.413275
574.506875
574.584450
574.653725
574.736400
574.796575
574.878500
574.957600
575.005350
575.066750
575.170000
575.224925
575.293825
575.351175
575.406675
575.446425
575.525400
575.571100
575.707400
575.736275
575.761900
575.771975
575.827275
575.877050
575.953700
576.010625
576.066950
576.177175
576.277725
576.364450
576.413800
576.517275
576.595850
576.753825
576.821650
576.961075
577.075050
577.095425
577.178825
577.260350
577.419150
577.495525
577.581900
577.642725
577.737950
577.818075
577.995500
578.067825
578.212550
578.274275
578.360525
578.438500
578.573575
578.648925
578.737025
578.804100
578.869550
578.933325
579.097775
579.174400
579.250775
579.318575
579.377275
579.438450
579.522400
579.641975
579.690150
579.765150
579.828650
579.914675
579.984100
580.049625
580.154525
580.216225
580.290800
580.375000
580.477925
580.545825
580.589375
580.607500
580.687925
580.753775
580.825750
580.898200
580.975600
581.080900
581.164650
581.239825
581.295000
581.363725
581.453650
581.476700
581.537325
581.610825
581.700200
581.764675
581.838875
582.141000
582.215125
582.267625
582.315100
582.344475
582.472950
582.543700
582.631475
582.688600
582.755675
582.815475
582.854775
582.876800
582.888025
582.993125
583.044200
583.101925
583.111375
583.179750
583.240075
583.307025
583.335175
583.464800
583.568525
583.627150
583.671600
583.748525
583.855275
583.932625
583.985175
584.044500
584.088975
584.156100
584.223375
584.306550
584.396075
584.433925
584.528700
584.660800
584.677200
584.739375
584.800075
584.879425
584.943725
585.024975
585.082000
585.245275
585.348450
585.448400
585.542450
585.649525
585.734175
585.793425
585.911575
585.983500
586.125375
586.302850
586.385375
586.499125
586.580800
586.662075
586.726225
586.820575
586.981050
587.061075
587.172475
587.253225
587.352375
587.421850
587.499275
587.580800
587.637375
587.735000
587.809000
587.884275
587.971500
588.107950
588.128700
588.204750
588.274300
588.441050
588.568025
588.614575
588.682800
588.836450
588.930175
589.009225
589.135350
589.231200
589.336800
589.427600
589.568725
589.641550
589.775125
589.861700
589.940825
590.040275
590.116925
590.196025
590.208500
590.292900
590.358250
590.431100
590.477500
590.542650
590.616650
590.683500
590.745625
590.827225
590.828700
590.978675
591.033850
591.079350
591.178100
591.243025
591.314775
591.392800
591.466400
591.615600
591.692400
591.788550
591.850825
591.961700
592.048900
592.100050
592.154925
592.234750
592.287500
592.356125
592.459925
592.514925
592.610575
592.674175
592.752125
592.830600
592.914800
593.003375
593.079550
593.249350
593.318800
593.403325
593.457400
593.529400
593.642700
593.714725
593.803825
593.859450
593.932850
594.032550
594.145900
594.233950
594.332625
594.464350
594.554875
594.653000
594.745675
594.884325
595.017725
595.321475
595.398225
595.531050
595.617925
595.734275
595.848450
595.936950
596.073925
596.204850
596.270900
596.322725
596.445000
596.664250
596.827675
596.936100
597.037125
597.049525
597.186825
597.230775
597.273975
597.340000
597.409925
597.500400
597.563625
597.614100
597.651375
597.728400
597.805925
597.889700
598.043875
598.150100
598.212350
598.349100
598.403850
598.477900
598.546025
598.598000
598.696500
598.772475
598.843675
598.931025
599.041625
599.126750
599.207750
599.278250
599.451450
599.471950
599.535000
599.596225
599.672875
599.724150
599.789675
599.849025
599.911225
599.961275
600.043275
600.109550
600.179125
600.232775
600.289175
600.344250
600.402575
600.449925
600.525025
600.593300
600.645275
600.717350
600.767125
600.821550
600.891350
600.940750
601.064575
601.150875
601.193400
601.277600
601.345850
601.409275
601.468300
601.545250
601.642575
601.707450
601.751350
601.802075
601.842700
601.879225
601.946875
601.985100
602.034450
602.095175
602.150200
602.198450
602.253250
602.306375
602.369300
602.412700
602.525950
602.598250
602.654750
602.712800
602.777900
