# # All spikes for Neuron
0.057700
0.096175
0.120325
0.157050
0.197500
0.215875
0.270000
0.312100
0.349625
0.401650
0.438850
0.489775
0.546900
0.591550
0.736750
0.807725
0.844975
0.913225
0.937075
0.964825
0.992500
1.010675
1.078100
1.103775
1.131375
1.190200
1.202675
1.227425
1.262850
1.298075
1.331450
1.545950
1.612300
1.636050
1.659250
1.695300
1.736100
1.796625
1.850550
1.863150
1.974625
2.005950
2.031950
2.060600
2.113975
2.142550
2.170275
2.219475
2.260900
2.299075
2.330875
2.389075
2.420550
2.453375
2.527675
2.577950
2.651975
2.677900
2.740575
2.845650
2.883425
2.940050
2.999725
3.021300
3.060850
3.106150
3.170325
3.192950
3.254950
3.282700
3.467875
3.512150
3.568650
3.615650
3.647150
3.693850
3.734175
3.879075
3.942600
3.978900
4.068175
4.098150
4.129075
4.327650
4.357300
4.387100
4.425975
4.467900
4.605600
4.685475
4.723825
4.781500
4.819000
4.855550
4.887100
4.907500
4.942675
4.967700
5.014775
5.088400
5.114550
5.163975
5.242125
5.400625
5.487275
5.524025
5.556125
5.618550
5.652625
5.791625
5.833575
5.948925
5.984900
6.049075
6.093700
6.155100
6.232100
6.287400
6.362125
6.488100
6.532875
6.643050
6.697100
6.738150
6.818125
6.864450
6.905625
7.007050
7.106850
7.151500
7.182525
7.274125
7.305350
7.357675
7.456925
7.491850
7.549775
7.572575
7.591175
7.621875
7.662525
7.691850
7.729200
7.788700
7.859400
7.925650
7.963175
7.995500
8.028200
8.378100
8.416325
8.458550
8.478700
8.495300
8.517825
8.574150
8.587500
8.644450
8.678650
8.717325
8.745575
8.789075
8.859400
8.895600
8.931500
8.966500
8.995925
9.009950
9.029800
9.050825
9.068600
9.093025
9.124900
9.167825
9.261075
9.340050
9.391425
9.415225
9.443650
9.465650
9.475250
9.529425
9.546950
9.578400
9.624700
9.667550
9.708150
9.749425
9.831875
9.875250
9.980800
10.112025
10.170925
10.273325
10.307150
10.368400
10.413575
10.434650
10.449950
10.466025
10.498800
10.530850
10.573450
10.609775
10.649850
10.707375
10.737625
10.827675
10.887600
10.913525
10.944925
10.978600
11.011375
11.035575
11.095725
11.155825
11.272725
11.300575
11.330400
11.350850
11.376000
11.503000
11.603375
11.672350
11.714700
11.780200
11.831625
11.870950
11.956925
12.108875
12.139975
12.177475
12.193000
12.213125
12.256200
12.298150
12.346375
12.465775
12.718325
12.834150
12.914400
12.976150
13.266150
13.313000
13.351475
13.419750
13.455975
13.537975
13.560925
13.628675
13.681075
13.723950
13.848925
13.967400
14.014850
14.068350
14.186150
14.223450
14.272200
14.338650
14.398275
14.464375
14.583750
14.840575
15.106175
15.158250
15.162725
15.307375
15.537150
15.879550
16.025175
16.057200
16.086250
16.116725
16.193350
16.325175
16.407650
16.694125
16.720325
16.749400
16.785300
16.960575
17.020600
17.086650
17.124650
17.206950
17.316050
17.384225
17.434775
17.553825
17.585950
17.644075
17.692900
17.734675
17.875975
17.934100
18.084100
18.195175
18.223900
18.239675
18.274425
18.349500
18.387775
18.439075
18.503050
18.572325
18.645225
18.665675
18.947775
19.039725
19.112400
19.177375
19.265175
19.301050
19.331725
19.361850
19.366975
19.398850
19.456700
19.503850
19.570250
19.697225
19.772075
20.180050
20.214075
20.246225
20.302475
20.353900
20.692675
20.746025
20.815675
20.876625
20.939850
20.974025
21.237150
21.238350
21.275375
21.295075
21.331975
21.370025
21.421825
21.480800
21.502550
21.527500
21.574900
21.599400
21.643275
21.683400
21.893850
21.913275
21.929225
21.952400
21.967575
21.972950
21.982750
22.044900
22.062100
22.080675
22.119800
22.155450
22.177750
22.193025
22.219575
22.226050
22.246400
22.276650
22.302900
22.318325
22.331975
22.378500
22.405975
22.447775
22.459850
22.471375
22.489375
22.516600
22.532975
22.556350
22.600300
22.614925
22.649525
22.671725
22.672900
22.703100
22.721875
22.728225
22.771700
22.791300
22.793400
22.835375
22.865350
22.886150
22.906450
22.920425
22.940225
22.962200
22.991450
23.031825
23.054075
23.070750
23.090525
23.100350
23.103100
23.119150
23.158075
23.163700
23.174500
23.175675
23.204175
23.222750
23.247050
23.259925
23.271225
23.285575
23.306725
23.316450
23.334675
23.372700
23.384375
23.395900
23.412275
23.436475
23.496075
23.528500
23.537150
23.543175
23.556425
23.570950
23.582625
23.589775
23.637575
23.677950
23.688925
23.725400
23.736325
23.753175
23.765175
23.800475
23.815575
23.841150
23.864900
23.875825
23.891850
23.904375
23.930250
23.955700
23.963100
23.970975
23.975125
23.981500
24.001425
24.013875
24.033550
24.077275
24.094200
24.127850
24.150200
24.172875
24.194075
24.221075
24.286750
24.293300
24.340825
24.349150
24.367500
24.402975
24.417950
24.455825
24.472125
24.491800
24.507250
24.534500
24.685850
24.719875
24.757400
24.787700
24.803650
24.821850
24.895700
25.001550
25.027700
25.059375
25.102650
25.125875
25.140025
25.170800
25.207850
25.240500
25.315825
25.376000
25.402750
25.432850
25.464375
25.508450
25.567775
25.595100
25.724925
25.750250
25.774075
25.787425
25.806450
25.833775
25.863425
25.904875
25.946775
26.031025
26.049050
26.096775
26.133300
26.142575
26.214300
26.235900
26.267025
26.315000
26.527975
26.559900
26.578950
26.590025
26.648925
26.683325
26.716575
26.766625
26.854650
26.938800
26.969075
26.989600
27.017275
27.038425
27.112925
27.162250
27.253000
27.351750
27.427200
27.457000
27.493175
27.522175
27.546600
27.580750
27.613650
27.681500
27.692650
27.714450
27.743175
27.758650
27.768250
27.795975
27.819300
27.842175
27.935075
27.958200
28.048500
28.209175
28.245725
28.271300
28.290725
28.320900
28.344650
28.417450
28.516575
28.571175
28.593325
28.613700
28.630750
28.659225
28.694200
28.730950
28.842600
28.877575
28.931500
28.974775
28.990800
29.030575
29.062275
29.085925
29.128425
29.158400
29.235425
29.355575
29.428850
29.462700
29.483725
29.503875
29.531700
29.547225
29.575925
29.603725
29.665150
29.708750
29.742650
29.768675
29.796775
29.843600
29.882225
29.940600
29.986075
30.012300
30.058925
30.211850
30.240925
30.286300
30.325850
30.349600
30.368275
30.402000
30.420425
30.450550
30.508600
30.549750
30.590125
30.652225
30.747750
30.814800
30.890225
30.916950
30.938350
30.950925
30.998925
31.040100
31.062975
31.097425
31.131775
31.164775
31.205850
31.239225
31.268325
31.311950
31.358150
31.416125
31.458775
31.522125
31.579825
31.621800
31.670600
31.737600
31.811900
31.838900
31.869075
31.888600
31.954275
32.004075
32.036550
32.065800
32.117600
32.219100
32.258325
32.316025
32.339700
32.380950
32.411325
32.433325
32.455375
32.475975
32.518700
32.560400
32.600450
32.644300
32.686875
32.742300
32.772550
32.815650
32.889225
32.950825
32.992300
33.019375
33.048725
33.082450
33.101125
33.125825
33.140350
33.173500
33.200700
33.226625
33.280550
33.355400
33.392025
33.452150
33.490775
33.542975
33.569225
33.597250
33.619575
33.647075
33.677350
33.707825
33.749825
33.787625
33.832300
33.855200
33.938875
33.976225
34.050925
34.102475
34.134900
34.174875
34.212650
34.259850
34.288200
34.322650
34.359700
34.387650
34.418575
34.456900
34.490775
34.539625
34.583025
34.645625
34.678325
34.718000
34.738450
34.774275
34.807450
34.826925
34.865875
34.884225
34.908575
34.954425
34.977825
34.994975
35.021000
35.039275
35.057275
35.096375
35.131625
35.182050
35.204400
35.241950
35.261975
35.277925
35.296575
35.324750
35.342925
35.366900
35.382250
35.405875
35.426575
35.454525
35.477950
35.490725
35.523025
35.542325
35.578550
35.609275
35.652200
35.683825
35.763900
35.807300
35.846100
35.861450
35.884900
35.954450
35.983550
36.014000
36.056500
36.082325
36.100925
36.138650
36.173750
36.220950
36.233875
36.276550
36.319350
36.383750
36.404925
36.450750
36.480225
36.524775
36.570275
36.608000
36.639575
36.690850
36.700150
36.757425
36.786625
36.832400
36.952075
36.996250
37.035000
37.071750
37.118125
37.164675
37.200650
37.229550
37.246700
37.267825
37.282925
37.350625
37.425650
37.459625
37.513075
37.638100
37.678425
37.685500
37.703600
37.728100
37.784350
37.828050
37.860200
37.891750
37.916275
37.933575
37.986525
38.008275
38.029500
38.064250
38.091575
38.130100
38.169050
38.219125
38.267025
38.326325
38.398500
38.442275
38.474925
38.519425
38.545500
38.570250
38.598000
38.638025
38.666925
38.711400
38.743075
38.808325
38.820850
38.848850
38.879975
38.932925
38.956800
38.982725
39.000075
39.040450
39.050625
39.104800
39.115150
39.145700
39.159700
39.176475
39.200525
39.237075
39.256100
39.280475
39.299550
39.320150
39.373975
39.376250
39.389825
39.417975
39.431700
39.475825
39.495125
39.522350
39.582925
39.599725
39.626225
39.637050
39.676475
39.700525
39.736425
39.753125
39.787225
39.802700
39.826375
39.854450
39.882575
39.906625
39.960550
39.991275
40.021400
40.052025
40.076050
40.108600
40.138400
40.179225
40.209000
40.251900
40.288275
40.314525
40.358575
40.384525
40.422575
40.433900
40.454350
40.487775
40.521500
40.540525
40.577525
40.628950
40.654250
40.671275
40.684800
40.706650
40.727150
40.750950
40.777950
40.830150
40.863325
40.882650
40.943700
40.971025
41.007600
41.101275
41.143800
41.171425
41.233100
41.234400
41.270225
41.297150
41.349225
41.391325
41.528250
41.619825
41.656475
41.689475
41.714325
41.738800
41.812825
41.944300
42.037575
42.073350
42.136725
42.180575
42.239775
42.282750
42.337450
42.359475
42.387775
42.419625
42.468975
42.510775
42.619075
42.639125
42.665025
42.681875
42.706300
42.724825
42.750200
42.778575
42.812775
42.835450
42.867225
42.907750
42.936375
42.962950
43.032325
43.065425
43.118325
43.182500
43.254200
43.301700
43.345650
43.389750
43.438250
43.462800
43.467850
43.494425
43.515350
43.538675
43.570550
43.604250
43.637125
43.665725
43.756550
43.856925
43.901875
43.939100
43.975450
43.990525
44.102450
44.136475
44.182100
44.293100
44.353075
44.425500
44.451400
44.472550
44.492575
44.493800
44.534900
44.559050
44.622875
44.699750
44.749325
44.835450
44.942200
45.005975
45.019800
45.022350
45.036975
45.063625
45.096550
45.126325
45.153875
45.238450
45.260275
45.320675
45.373050
45.415075
45.489125
45.544900
45.568925
45.599100
45.648175
45.685125
45.747250
45.795050
45.838375
45.891125
45.981525
46.038575
46.085400
46.137500
46.165625
46.218650
46.311650
46.351450
46.500775
46.573625
46.628300
46.785175
46.843925
46.864700
46.883625
46.917875
46.956300
46.980450
47.015200
47.047200
47.106000
47.216700
47.243275
47.274325
47.394400
47.441675
47.492625
47.538225
47.604600
47.666150
47.738575
47.843850
47.900325
47.937125
47.973700
48.026150
48.077500
48.137325
48.172775
48.302150
48.317350
48.340350
48.350350
48.388750
48.401725
48.450500
48.479250
48.508750
48.534275
48.568850
48.600875
48.651600
48.695475
48.744225
48.797600
48.839400
48.900625
48.935225
48.990000
49.056600
49.095475
49.170725
49.211850
49.310650
49.333250
49.364750
49.376950
49.482225
49.508400
49.577075
49.649700
49.695925
49.729075
49.762350
49.796950
49.821925
49.890350
49.928875
49.996950
50.060500
50.149475
50.185425
50.231425
50.330750
50.422950
50.479525
50.488150
50.551675
50.607825
50.655775
50.692975
50.734375
50.776850
50.847975
50.886100
50.965225
51.060125
51.114675
51.158525
51.180125
51.208725
51.229875
51.255900
51.272325
51.294325
51.315350
51.346725
51.415075
51.465575
51.597200
51.652600
51.706175
51.733000
51.757450
51.794550
51.824625
51.862025
51.940975
51.990600
52.033450
52.159450
52.186025
52.201400
52.243625
52.362125
52.403250
52.506825
52.599675
52.686375
52.722625
52.751425
52.783350
52.842825
52.860375
52.927750
53.047100
53.103300
53.155325
53.208350
53.240750
53.295275
53.329975
53.368050
53.399100
53.424875
53.458900
53.593725
53.618300
53.656525
53.697050
53.721325
53.749650
53.789925
53.814550
53.836800
53.863500
53.901625
53.976225
54.027875
54.127050
54.147200
54.172175
54.194375
54.232125
54.273800
54.318925
54.563850
54.593800
54.603450
54.619500
54.649700
54.681650
54.712775
54.764250
54.889325
55.000325
55.045025
55.069300
55.112650
55.130850
55.154300
55.180375
55.197675
55.219200
55.238450
55.263650
55.286725
55.335575
55.363650
55.481875
55.538200
55.588700
55.635050
55.728025
55.759625
55.824400
55.874150
55.926525
55.955475
56.001525
56.038250
56.075525
56.114500
56.158550
56.187525
56.246625
56.345250
56.391675
56.440550
56.466025
56.496950
56.522700
56.563225
56.606675
56.695025
56.717525
56.747100
56.778200
56.811925
56.833025
56.907000
56.957225
56.974325
57.000225
57.026100
57.075325
57.116225
57.152700
57.190675
57.214350
57.252550
57.302975
57.347125
57.377700
57.395875
57.425650
57.449975
57.510425
57.529225
57.572425
57.602675
57.623650
57.673725
57.713925
57.750200
57.775875
57.813475
57.840725
57.876200
57.890525
57.931675
57.974425
58.019625
58.111050
58.141125
58.184875
58.213800
58.249875
58.267700
58.318775
58.371850
58.433800
58.506050
58.605925
58.637575
58.681225
58.846175
58.864600
58.897725
58.915050
58.937300
58.992150
59.008825
59.026950
59.063200
59.086350
59.121500
59.185025
59.237500
59.286900
59.352050
59.388300
59.416300
59.455075
59.513550
59.562600
59.625475
59.695075
59.742825
59.776225
59.804000
59.832850
59.861950
59.909625
60.118125
60.184150
60.236450
60.269725
60.304425
60.392225
60.441825
60.521350
60.639250
60.704400
60.774850
60.801925
60.837275
60.917825
60.972575
61.012425
61.098300
61.130825
61.169700
61.216550
61.279825
61.348650
61.392225
61.439450
61.551800
61.604600
61.731150
61.771100
61.874100
61.932025
61.947550
61.994150
62.060175
62.087850
62.187725
62.284075
62.323325
62.369525
62.407875
62.471600
62.497100
62.638875
62.681850
62.718850
62.739975
62.782200
62.845400
62.927925
62.975200
63.340750
63.382050
63.415000
63.435425
63.463250
63.501975
63.541050
63.623675
63.680175
63.732200
63.843050
63.894575
63.920975
63.947975
64.093075
64.118500
64.203375
64.258250
64.425725
64.551225
64.577850
64.622800
64.691775
64.992900
65.035425
65.098125
65.166000
65.201925
65.230200
65.282950
65.316675
65.401850
65.565200
65.621000
65.673850
65.729900
65.760675
65.826725
65.893875
65.951400
65.978250
66.006550
66.123475
66.325425
66.342425
66.398675
66.417250
66.498975
66.591225
66.632725
66.738175
66.792775
66.858800
66.870200
66.885675
66.937075
66.983400
67.015625
67.046100
67.085250
67.127475
67.212125
67.306200
67.344750
67.376775
67.402225
67.432150
67.485650
67.515550
67.581650
67.623125
67.681200
67.725100
67.768375
67.823975
67.886025
67.948400
67.993900
68.073750
68.124175
68.178325
68.227575
68.265575
68.335800
68.383750
68.449325
68.474525
68.519150
68.553275
68.601225
68.711075
68.766950
68.782450
68.802875
68.822375
68.839075
68.871100
68.885400
68.916325
68.946875
68.970900
69.012125
69.044675
69.134875
69.177025
69.214900
69.243650
69.292750
69.326325
69.419500
69.455575
69.521125
69.547175
69.580600
69.620125
69.848050
69.955850
69.987025
70.003650
70.047850
70.081800
70.102175
70.114975
70.155925
70.447300
70.537375
70.630125
70.678225
70.702700
70.742300
70.828725
70.867000
70.999350
71.120800
71.180825
71.209625
71.284500
71.332100
71.386400
71.473450
71.518675
71.546350
71.595550
71.648575
71.649875
71.684225
71.697425
71.775300
71.811925
71.842800
71.870200
71.912625
71.958800
71.980500
71.998575
72.021150
72.097500
72.135100
72.165975
72.195100
72.225825
72.266400
72.299075
72.330350
72.357500
72.376525
72.407275
72.452200
72.467375
72.497725
72.528650
72.563425
72.584900
72.610650
72.612475
72.650525
72.686775
72.708475
72.726100
72.752275
72.814000
72.855175
72.875300
72.887500
72.909275
72.941650
72.958825
72.985200
73.002000
73.024125
73.043825
73.055075
73.067950
73.152700
73.174000
73.191825
73.222550
73.242050
73.256200
73.286850
73.342750
73.354475
73.416600
73.427725
73.458775
73.495725
73.506975
73.521200
73.529500
73.547950
73.551425
73.568750
73.590825
73.600800
73.610000
73.639475
73.659375
73.674250
73.743125
73.761775
73.775400
73.800700
73.812525
73.853525
73.874475
73.892150
73.900725
73.917125
73.927900
73.984525
73.996150
74.024075
74.051575
74.070950
74.077900
74.090825
74.107400
74.123425
74.140650
74.160650
74.169100
74.234475
74.246775
74.261650
74.281200
74.309600
74.399975
74.448975
74.450275
74.463200
74.488775
74.505175
74.523550
74.571375
74.595950
74.617025
74.625575
74.647050
74.668050
74.683275
74.694975
74.737125
74.758225
74.786375
74.811600
74.824775
74.878450
74.897150
74.929800
74.989525
75.029200
75.051975
75.113950
75.175850
75.246450
75.298800
75.387325
75.412825
75.482975
75.658000
75.670750
75.701175
75.730525
75.891450
75.958125
75.985350
76.005850
76.033700
76.067625
76.133325
76.204125
76.291000
76.316350
76.344000
76.378975
76.426350
76.458100
76.523025
76.641050
76.678900
76.714425
76.740650
76.809475
76.909100
76.975475
77.037675
77.098100
77.199075
77.419425
77.523050
77.554850
77.588400
77.642075
77.690425
77.719100
77.773100
77.860300
77.988825
78.098925
78.118900
78.132900
78.155850
78.179175
78.196750
78.219625
78.238825
78.258400
78.275375
78.289850
78.312825
78.331700
78.350950
78.375825
78.391450
78.413300
78.439750
78.448675
78.470825
78.488350
78.531225
78.536825
78.550575
78.565700
78.592125
78.600250
78.620850
78.638725
78.662675
78.677950
78.687325
78.707300
78.737125
78.754450
78.771650
78.785325
78.802725
78.890650
78.912025
78.948850
79.000500
79.110150
79.133900
79.171375
79.214100
79.247075
79.352650
79.430200
79.487025
79.560950
79.663600
79.698200
79.720025
79.742000
79.798750
79.826900
79.873625
79.973850
80.012550
80.048725
80.070825
80.098750
80.135625
80.171975
80.212500
80.301600
80.360475
80.425675
80.456125
80.468725
80.569100
80.600025
80.628425
80.677250
80.726375
80.751200
80.757725
80.806675
80.833725
80.854900
80.883900
80.912875
80.944725
80.978400
81.028025
81.096300
81.138400
81.195100
81.248950
81.336025
81.408350
81.434675
81.453475
81.476375
81.502400
81.527475
81.548900
81.572100
81.628300
81.670050
81.708750
81.768275
81.847650
81.888050
81.953000
81.981225
82.038425
82.059425
82.099975
82.142725
82.201950
82.230450
82.267325
82.302300
82.323975
82.358700
82.375825
82.402200
82.445575
82.472650
82.512275
82.536950
82.579050
82.616450
82.700925
82.737250
82.776375
82.817700
82.854675
82.893000
82.919675
82.942800
82.976150
82.995625
83.030925
83.067450
83.408525
83.438425
83.455050
83.486175
83.513025
83.538450
83.567200
83.585250
83.599300
83.629175
83.657225
83.680300
83.715800
83.755825
83.789050
83.814700
83.865975
83.919100
83.950675
83.978500
84.058775
84.083925
84.118775
84.143475
84.183475
84.220875
84.260575
84.311900
84.328425
84.373950
84.409375
84.512850
84.583025
84.675200
84.695575
84.727400
84.769800
84.820625
84.867250
84.967625
85.008075
85.120700
85.172675
85.231800
85.271100
85.297525
85.532575
85.575675
85.601275
85.624625
85.692900
85.716625
85.740150
85.774500
85.861250
85.938200
85.979500
86.028225
86.075675
86.104050
86.144625
86.187150
86.236550
86.288250
86.330450
86.373275
86.414125
86.447175
86.476875
86.530875
86.571725
86.648075
86.760825
86.848425
86.874950
86.913625
86.958325
87.007400
87.083700
87.126825
87.212575
87.254350
87.291400
87.336850
87.369875
87.401450
87.449050
87.489750
87.536550
87.566425
87.638025
87.681400
87.716525
87.804300
87.889625
87.901350
87.917075
87.947050
87.991400
88.025175
88.068250
88.117275
88.183300
88.253850
88.400375
88.438800
88.506950
88.590300
88.615100
88.621125
88.666125
88.709625
88.755500
88.779000
88.789900
88.830475
88.896600
88.922825
88.955900
89.026100
89.107175
89.148500
89.188425
89.217100
89.273775
89.286775
89.323475
89.414700
89.479625
89.525100
89.552725
89.589500
89.683050
89.765200
89.888550
89.976525
90.027675
90.061300
90.120700
90.164375
90.204975
90.246800
90.369850
90.413850
90.488100
90.540125
90.617500
90.655425
90.731200
90.874675
90.896825
90.954775
90.999625
91.130000
91.188800
91.347150
91.402100
91.664350
91.721875
91.785450
91.851500
91.868450
91.899050
91.975175
92.050625
92.086275
92.140850
92.200550
92.262625
92.463225
92.501450
92.555475
92.584500
92.610400
92.645775
92.826500
92.881900
92.948675
93.023275
93.135425
93.198125
93.230200
93.253100
93.291150
93.313400
93.358050
93.383700
93.420525
93.486275
93.563675
93.614650
93.659175
93.702750
94.010500
94.062325
94.093625
94.113725
94.202750
94.278275
94.352825
94.456400
94.502600
94.534425
94.630125
94.731325
94.873525
94.925450
94.974850
95.012425
95.134650
95.295625
95.426225
95.453950
95.523050
95.569500
95.618975
95.662425
95.773700
95.927525
95.959175
95.963950
95.995875
96.046350
96.107400
96.200875
96.263325
96.323150
96.481700
96.521800
96.620275
96.799275
96.968850
97.075075
97.116125
97.252975
97.340900
97.546950
97.616525
97.687825
97.729475
97.806650
97.870175
97.904050
98.010125
98.176000
98.200675
98.236975
98.247350
98.309725
98.344275
98.418725
98.509425
98.592200
98.655175
98.882150
98.904525
98.938475
98.960075
98.993800
99.030850
99.060750
99.106950
99.142150
99.180575
99.348800
99.387925
99.417325
99.456200
99.487275
99.541975
99.565525
99.619250
99.642675
99.651050
99.673600
99.722425
99.753875
99.785900
99.853625
99.900025
100.056125
100.092600
100.123375
100.236750
100.279675
100.376625
100.500675
100.524250
100.557350
100.574375
100.602325
100.633175
100.762200
100.791100
100.836200
100.870750
100.920825
100.953375
100.968775
100.977975
101.005425
101.043400
101.070650
101.111225
101.136425
101.164450
101.192575
101.235800
101.298375
101.330500
101.369150
101.517050
101.537400
101.563675
101.610350
101.634350
101.674725
101.727000
101.774200
101.853450
101.923900
101.983000
102.231600
102.358300
102.426775
102.466775
102.493825
102.516475
102.588675
102.615925
102.694825
102.745625
102.814600
102.944575
103.009975
103.064200
103.097750
103.164700
103.233050
103.298250
103.377500
103.430375
103.472075
103.512075
103.780600
103.823600
103.887475
103.903700
103.953550
103.975900
104.039625
104.117375
104.216400
104.272100
104.324475
104.350200
104.379700
104.421650
104.507175
104.566825
104.697225
104.752600
104.813425
104.866775
104.930450
105.032725
105.122075
105.191200
105.229500
105.268400
105.301550
105.367300
105.394875
105.472900
105.536350
105.578900
105.621625
105.695150
105.756525
105.781075
105.822425
105.857775
105.883575
105.905525
105.920200
105.945900
105.983175
106.002500
106.040125
106.054800
106.069500
106.110450
106.131150
106.161300
106.172350
106.192500
106.199075
106.244350
106.260500
106.289500
106.302825
106.335225
106.363600
106.404450
106.431950
106.445925
106.463600
106.481475
106.556300
106.602300
106.621200
106.630050
106.650550
106.674375
106.692950
106.708875
106.756675
106.775175
106.804700
106.814475
106.856025
106.884350
106.903525
106.916750
106.919325
106.949875
106.992275
107.026850
107.046925
107.080025
107.129675
107.159375
107.279425
107.345300
107.361500
107.371725
107.384550
107.423275
107.465275
107.487850
107.516775
107.545900
107.612400
107.635875
107.659175
107.679725
107.697900
107.727850
107.741450
107.769425
107.813325
107.848975
107.903225
107.910925
107.940175
107.961675
107.976400
107.996350
108.010150
108.028650
108.045700
108.068825
108.079600
108.135600
108.149675
108.169600
108.191975
108.238150
108.264900
108.292950
108.321675
108.339650
108.381150
108.398650
108.427975
108.446900
108.454500
108.471025
108.490650
108.525850
108.540575
108.593825
108.609075
108.656425
108.685475
108.705050
108.725925
108.781550
108.819575
108.848850
108.888400
108.934775
108.982400
109.052125
109.075825
109.116150
109.158525
109.201600
109.240000
109.278225
109.353475
109.383950
109.485550
109.503425
109.545275
109.593075
109.630650
109.674075
109.729500
109.756275
109.789925
109.814600
109.864125
109.898800
109.976625
110.023400
110.171300
110.198375
110.245200
110.272200
110.297625
110.328450
110.363025
110.406625
110.535775
110.603225
110.683275
110.708525
110.710175
110.721575
110.768325
110.793400
110.836800
110.866900
110.901650
110.937325
110.993050
111.074300
111.117400
111.198425
111.253125
111.305125
111.325275
111.365675
111.395600
111.452675
111.504350
111.573075
111.623475
111.713825
111.746000
111.841075
111.929550
111.979950
112.015050
112.082700
112.188225
112.218875
112.281100
112.315800
112.364475
112.408075
112.493775
112.564075
112.594900
112.628475
112.671575
112.694350
112.718425
112.754725
112.769975
112.828375
112.875675
113.069975
113.095425
113.144575
113.162225
113.245200
113.375800
113.483325
113.613125
113.632500
113.661025
113.687000
113.712525
113.739450
113.754825
113.807225
113.841100
113.948225
114.059450
114.108125
114.140275
114.168175
114.185225
114.270700
114.312750
114.376250
114.423950
114.504625
114.549475
114.592000
114.605800
114.630675
114.677950
114.717550
114.827125
114.888575
114.956125
115.052225
115.114275
115.165425
115.208075
115.248450
115.509750
115.627750
115.676875
115.725675
115.782550
115.838200
115.895450
115.931250
115.974725
116.049175
116.134500
116.191925
116.276825
116.302225
116.376050
116.411200
116.466750
116.519275
116.664200
116.729275
116.759900
116.830225
116.897075
116.970275
117.022350
117.084325
117.135300
117.189575
117.226875
117.331200
117.395675
117.479525
117.542075
117.588200
117.632000
117.686825
117.744750
118.017625
118.097100
118.129725
118.231925
118.335275
118.375150
118.432675
118.456175
118.509750
118.700475
118.783700
118.822925
118.869950
118.896300
118.970525
119.017425
119.151225
119.178400
119.275825
119.335475
119.425775
119.511125
119.649975
119.979725
120.070525
120.719100
120.768650
121.130250
121.152950
121.187125
121.201000
121.333650
121.720100
121.746475
121.825800
121.860350
121.867500
121.892075
121.922475
121.967400
122.002175
122.030900
122.074175
122.149875
122.241175
122.348975
122.519850
122.536400
122.555775
122.588600
122.619650
122.647600
122.668575
122.696150
122.726150
122.748825
122.776300
122.795225
122.811625
122.871950
122.899750
122.945350
122.979600
123.009050
123.050175
123.094000
123.129350
123.150725
123.171375
123.193600
123.213050
123.233325
123.254450
123.295050
123.317525
123.344875
123.389700
123.416625
123.465550
123.480200
123.502500
123.548250
123.575250
123.605725
123.626525
123.680925
123.709975
123.733250
123.743300
123.775900
123.791350
123.816375
123.878550
123.947950
124.006200
124.075950
124.120175
124.135225
124.161300
124.189700
124.216975
124.256700
124.274850
124.312700
124.383650
124.425325
124.460175
124.498900
124.540975
124.590425
124.609250
124.648775
124.818925
124.864175
124.880100
124.989375
125.027325
125.062525
125.144850
125.205300
125.227750
125.309725
125.357700
125.434675
125.471200
125.521625
125.544650
125.562850
125.594200
125.637800
125.660850
125.691200
125.760000
125.820775
125.883475
125.911525
125.954675
126.233175
126.282500
126.306175
126.325900
126.358600
126.399425
126.453025
126.490250
126.542100
126.584100
126.619225
126.657775
126.848225
126.905150
126.920650
126.939425
126.964225
126.984950
127.003000
127.038400
127.085575
127.129200
127.164725
127.202550
127.332475
127.423500
127.460900
127.478050
127.517775
127.548625
127.626175
127.694550
127.781075
127.882175
127.906675
127.948225
127.972450
128.046575
128.101850
128.148150
128.198800
128.277250
128.413450
128.434550
128.461675
128.501625
128.524800
128.569950
128.588675
128.634325
128.662650
128.698500
128.725300
128.755625
128.860300
128.897550
128.961750
129.002200
129.085000
129.125975
129.152725
129.172875
129.212425
129.236225
129.288425
129.318250
129.365025
129.446450
129.489225
129.541825
129.665475
129.716825
129.764725
129.841750
129.925525
129.988500
130.025325
130.044075
130.059850
130.088275
130.167875
130.188950
130.204400
130.276125
130.312150
130.335225
130.394200
130.422575
130.461550
130.507000
130.553650
130.571725
130.588900
130.619250
130.650550
130.704250
130.729325
130.790925
130.824175
130.861900
130.922475
130.976025
131.029300
131.042675
131.104225
131.174150
131.256200
131.300400
131.316075
131.419225
131.445050
131.476450
131.508600
131.543850
131.574075
131.720325
131.753275
131.817850
131.856625
131.895500
131.922125
132.056400
132.098650
132.150150
132.228875
132.277125
132.368675
132.474000
132.512500
132.573475
132.714625
132.747750
132.796700
132.819675
132.862475
132.924750
133.119000
133.173950
133.265375
133.294550
133.321025
133.359800
133.417000
133.442250
133.472150
133.531650
133.542575
133.568700
133.614450
133.685100
133.695450
133.735125
133.758850
133.779025
133.803300
133.845300
133.859275
133.881825
133.902825
133.938050
133.984600
134.001250
134.084575
134.113150
134.166425
134.205575
134.261575
134.279275
134.311450
134.339175
134.364525
134.415450
134.476650
134.566675
134.653425
134.694475
134.721650
134.789850
134.811500
134.847450
134.879725
134.951925
134.984900
135.039775
135.069900
135.106125
135.117525
135.136675
135.173275
135.275975
135.327425
135.400775
135.411550
135.425925
135.476200
135.491550
135.543175
135.598150
135.635500
135.757450
135.776275
135.805425
135.830450
135.866150
135.895350
135.939100
135.967925
136.004675
136.050825
136.105750
136.136175
136.161675
136.179300
136.226875
136.246000
136.266975
136.337650
136.354300
136.358275
136.386900
136.432875
136.461900
136.485850
136.503175
136.518525
136.547350
136.573650
136.603725
136.651175
136.676525
136.714250
136.758475
136.784925
136.812500
136.848625
136.897525
136.924525
136.977925
137.016425
137.049950
137.089700
137.141025
137.182675
137.230275
137.331950
137.375550
137.405075
137.429575
137.460050
137.493750
137.544375
137.662200
137.751425
137.775750
137.821875
137.853625
137.881475
137.990675
138.049400
138.334475
138.349500
138.380800
138.422325
138.455575
138.478325
138.489400
138.509175
138.554425
138.580400
138.614525
138.676800
138.724675
138.754825
138.913775
138.968200
139.020600
139.058375
139.219675
139.346100
139.440100
139.466525
139.504100
139.533875
139.567450
139.632725
139.775800
139.844575
139.893525
139.945650
140.063275
140.189675
140.249675
140.281650
140.302525
140.335825
140.380650
140.474150
140.573875
140.605650
140.624275
140.677875
140.710675
140.767775
140.831750
140.923700
141.027850
141.120300
141.460150
141.518550
141.561050
141.612700
141.662425
141.730900
141.754575
141.792950
141.819300
141.848425
141.887675
141.916675
142.002650
142.120675
142.134925
142.244600
142.313550
142.348575
142.390200
142.425350
142.460550
142.526400
142.556800
142.610525
142.657025
142.680525
142.714225
142.765150
142.818025
142.923175
142.989175
143.022375
143.043375
143.082925
143.136525
143.165800
143.221800
143.252650
143.304000
143.349050
143.368800
143.387325
143.427500
143.453875
143.503650
143.526500
143.598800
143.745750
143.759850
143.791600
143.846325
143.900700
143.925175
143.978550
144.202575
144.223975
144.237575
144.254975
144.337925
144.374250
144.413950
144.435950
144.473450
144.513850
144.557025
144.775175
144.818150
144.839625
144.906950
144.936625
144.966525
144.982475
145.027875
145.062400
145.130750
145.332275
145.357150
145.381450
145.430000
145.452600
145.485625
145.509450
145.528050
145.557325
145.590800
145.645850
145.732625
145.790150
145.858650
145.883550
145.930100
145.963225
145.990000
146.019550
146.056525
146.101250
146.172150
146.352950
146.395400
146.462925
146.551125
146.614825
146.666150
146.715025
146.755125
146.801800
146.854050
146.891175
146.973950
146.994850
147.022100
147.048000
147.097350
147.175625
147.228950
147.282550
147.372175
147.407025
147.460100
147.555525
147.691825
147.766875
147.823825
147.885325
147.914025
148.237325
148.296300
148.327125
148.377775
148.475325
148.630525
148.984950
149.045675
149.212950
149.242025
149.289050
149.334575
149.395175
149.693150
149.718100
149.792125
149.873950
149.958550
150.055300
150.200975
150.229700
150.598675
150.716500
150.777025
150.792150
150.845125
150.884325
151.303675
151.340975
151.369325
151.388275
151.413975
151.444800
151.499625
151.527300
151.547325
151.567700
151.675325
151.882025
151.912650
151.928525
151.955225
151.989175
152.062000
152.088450
152.161300
152.292675
152.381725
152.465200
152.509300
152.543900
152.569175
152.594650
152.617875
152.729125
152.801025
152.948575
152.983800
153.014900
153.037350
153.057775
153.097250
153.153750
153.186300
153.241075
153.267075
153.312325
153.376775
153.458525
153.507800
153.524550
153.540475
153.557350
153.581025
153.611700
153.643075
153.669175
153.726900
153.770625
153.842350
153.870725
153.921225
153.942100
153.963275
153.982750
154.008025
154.033125
154.047400
154.099500
154.213800
154.479625
154.497075
154.524400
154.550325
154.641025
154.666625
154.700100
154.723625
154.762050
154.804775
154.835550
154.895675
154.922075
154.962425
154.991075
155.007175
155.030175
155.035850
155.091075
155.145700
155.158250
155.175700
155.190950
155.219175
155.241225
155.265550
155.293250
155.327125
155.344875
155.375050
155.393050
155.410125
155.443800
155.459150
155.491200
155.517425
155.523450
155.547925
155.630350
155.666300
155.680875
155.757850
155.786350
155.826200
155.854125
155.884625
155.926400
155.953550
155.988175
156.026700
156.039875
156.058800
156.082600
156.112175
156.133925
156.191875
156.253025
156.284750
156.312325
156.360575
156.380200
156.421700
156.474100
156.516450
156.559800
156.586725
156.648050
156.693525
156.736750
156.756425
156.795150
156.813375
156.840650
156.932425
156.971550
157.020450
157.068225
157.091225
157.110900
157.138050
157.159725
157.175975
157.202750
157.339925
157.415125
157.435050
157.476925
157.500500
157.528825
157.582400
157.629400
157.670425
157.719525
157.777075
157.831275
157.847875
157.870050
157.880300
157.906400
157.928750
157.950075
157.997300
158.040300
158.059175
158.127200
158.155750
158.185375
158.232800
158.296700
158.322400
158.342875
158.361950
158.430050
158.453300
158.530350
158.639925
158.682850
158.719825
158.747150
158.767725
158.848875
158.882300
158.941675
159.159750
159.188050
159.242850
159.270900
159.299775
159.347175
159.416025
159.489425
159.544575
159.698475
159.780100
159.875175
159.926475
159.962575
160.064975
160.098850
160.179125
160.297525
160.330800
160.332850
160.366650
160.406700
160.440525
160.467825
160.487875
160.512350
160.559425
160.592725
160.624600
160.665150
160.715050
160.782275
160.844900
160.871150
160.892525
160.926850
160.986350
161.017175
161.073175
161.120125
161.165925
161.270100
161.310900
161.337450
161.406050
161.429050
161.591150
161.691450
161.736575
161.775700
161.819400
161.870325
161.898950
162.187575
162.246400
162.394200
162.768475
162.976200
163.015075
163.039750
163.141675
163.200675
163.280175
163.340250
163.424950
163.504250
163.794925
163.878450
164.120450
164.174650
164.272775
164.418875
164.462475
164.492225
164.571325
164.612625
164.673350
164.781250
164.882775
164.941550
164.985900
165.093300
165.333275
165.366600
165.406225
165.438625
165.478475
165.499725
165.585175
165.746750
165.792725
165.845275
165.869950
165.900325
166.018175
166.241250
166.277350
166.367925
166.408575
166.451575
166.481550
166.659700
166.744400
166.985275
167.019000
167.049200
167.091850
167.114875
167.148325
167.193425
167.255550
167.486350
167.521525
167.569150
167.676700
167.714500
167.779250
167.895375
167.931625
167.969275
168.124525
168.203950
168.240175
168.360775
168.576625
168.649325
168.742325
168.776225
168.873825
169.036650
169.072550
169.144475
169.176625
169.401675
169.591575
169.636475
169.682025
169.800600
169.891325
169.933825
170.027000
170.112900
170.151250
170.186325
170.610850
170.737700
171.231475
171.644350
171.700750
171.704050
171.749250
171.780025
171.811125
172.050850
172.077125
172.111200
172.148900
172.176850
172.219025
172.252200
172.295150
172.361050
172.395825
172.447150
172.465575
172.483050
172.518775
172.551025
172.572975
172.638800
172.706100
172.763400
172.871325
172.927750
172.934075
172.955925
173.026300
173.045450
173.063525
173.070425
173.072475
173.088875
173.099975
173.135925
173.162400
173.226975
173.250300
173.272925
173.311775
173.355400
173.394350
173.413775
173.432625
173.485200
173.539875
173.578425
173.617925
173.661200
173.678975
173.705300
173.721825
173.757000
173.788850
173.808250
173.870575
174.023325
174.050900
174.082050
174.091800
174.115650
174.156325
174.218600
174.249300
174.278750
174.367200
174.402950
174.440725
174.468600
174.499500
174.538425
174.651275
174.711125
174.758625
174.788125
174.820175
174.849775
174.871150
174.891275
174.945575
175.003875
175.046575
175.098400
175.158550
175.289150
175.304675
175.341125
175.370525
175.408975
175.457200
175.516675
175.548200
175.638250
175.702975
175.735525
175.767525
175.794175
175.822625
175.996400
176.165725
176.264875
176.322800
176.398700
176.466825
176.496175
176.586625
176.645050
176.682875
176.808600
176.949750
176.996675
177.091550
177.157150
177.178200
177.210550
177.298150
177.344875
177.375425
177.412175
177.549150
177.590450
177.644275
177.694525
177.738825
177.839725
177.840800
177.908950
177.929175
177.951900
177.981775
178.019800
178.060950
178.095000
178.130500
178.153025
178.193175
178.259900
178.292275
178.346950
178.373100
178.419600
178.459525
178.474075
178.478175
178.492075
178.510875
178.531850
178.545950
178.563575
178.601550
178.622950
178.655700
178.711825
178.760275
178.794150
178.837725
178.870050
178.940800
178.956300
178.992925
179.025550
179.068875
179.095775
179.117200
179.146925
179.170350
179.213400
179.297400
179.315825
179.364450
179.402125
179.435200
179.489425
179.521450
179.540850
179.586025
179.617275
179.682350
179.701375
179.734625
179.779250
179.831950
179.869225
179.903975
179.938275
179.990350
180.038975
180.070600
180.158350
180.190075
180.219050
180.247225
180.283950
180.320225
180.346575
180.380175
180.422075
180.460800
180.488025
180.522200
180.565325
180.602925
180.654050
180.705175
180.751700
180.767050
180.797800
180.833575
180.888575
180.913100
180.946350
180.989825
181.056750
181.175375
181.244725
181.281250
181.313400
181.347000
181.634075
181.662275
181.695400
181.715875
181.733050
181.768575
181.869800
181.931575
182.097850
182.145600
182.186675
182.206225
182.232275
182.252700
182.408625
182.503525
182.549650
182.587525
182.628775
182.651175
182.688925
182.769400
182.806575
182.868900
182.922700
182.960975
183.003025
183.068075
183.240075
183.344975
183.404225
183.426750
183.850525
183.902750
183.957900
183.995300
184.044950
184.070900
184.097075
184.123675
184.158775
184.260800
184.303600
184.352300
184.439725
184.472575
184.499300
184.522450
184.541050
184.577800
184.614325
184.738825
184.891900
184.917650
184.949950
184.984875
185.004000
185.033375
185.078125
185.154400
185.222250
185.300300
185.381100
185.417100
185.489550
185.550150
185.615900
185.657850
185.697950
185.715450
185.732725
185.763650
185.815350
185.979675
186.201725
186.243000
186.346050
186.403700
186.476225
186.537700
186.584650
186.777200
186.786525
186.810300
186.840100
186.868875
186.887025
186.936050
187.038675
187.064400
187.078050
187.110075
187.125550
187.165300
187.233375
187.261300
187.312375
187.339700
187.354725
187.372725
187.386175
187.401250
187.435200
187.471775
187.509575
187.556500
187.570075
187.589200
187.613375
187.631675
187.652875
187.675350
187.699200
187.729625
187.786050
187.812125
187.835450
187.858150
187.879425
187.912850
187.966025
187.986950
188.040025
188.064325
188.104400
188.127900
188.151750
188.255100
188.274350
188.290850
188.310800
188.338500
188.375975
188.415450
188.444625
188.469825
188.490400
188.518500
188.548875
188.599300
188.656150
188.684950
188.705525
188.724125
188.750125
188.769150
188.830450
188.862700
188.885625
188.916625
188.980075
189.020700
189.040175
189.068275
189.114675
189.157150
189.207475
189.270175
189.332525
189.356700
189.376450
189.402800
189.446175
189.464575
189.468025
189.522850
189.573700
189.631225
189.658175
189.706500
189.744200
189.782575
189.843825
189.861200
189.887825
189.904650
189.911900
189.927850
189.968225
189.993950
190.021025
190.078750
190.114800
190.201075
190.234425
190.263525
190.304600
190.341450
190.358875
190.432050
190.512550
190.578525
190.611075
190.691350
190.736975
190.815725
190.871275
190.943575
191.111450
191.155350
191.260050
191.337500
191.449375
191.485600
191.532875
191.594600
191.759400
191.823000
191.854050
191.872675
191.893450
191.946575
192.007700
192.076525
192.146000
192.199925
192.270300
192.286775
192.320025
192.335000
192.465000
192.531400
192.581350
192.605575
192.653175
192.764650
192.819050
192.859775
192.894800
193.053475
193.174600
193.340250
193.384600
193.419575
193.466950
193.592975
193.644300
193.702925
193.727525
193.758125
193.793225
193.834375
193.881375
193.968825
194.177825
194.196200
194.221500
194.240475
194.264600
194.280275
194.340725
194.375975
194.408850
194.439175
194.470450
194.503675
194.559575
194.580400
194.647375
194.710400
194.741475
194.780225
194.816250
194.859100
194.900600
194.933350
194.981525
195.069225
195.103950
195.197050
195.232875
195.248675
195.341125
195.398775
195.587250
195.613850
195.634350
195.647950
195.686550
195.712775
195.779100
195.812200
195.888300
195.911175
195.967000
196.007350
196.247800
196.293375
196.318575
196.354050
196.378875
196.430300
196.744900
196.782625
196.809650
196.886950
196.941650
196.980300
197.035200
197.068475
197.124200
197.218775
197.254550
197.296200
197.354775
197.381650
197.427975
197.480975
197.525275
197.570375
197.603050
197.725775
197.779875
197.977825
198.037600
198.182850
198.216600
198.253000
198.275500
198.365425
198.443850
198.470675
198.546075
198.801975
198.859250
198.911250
199.002800
199.044325
199.122050
199.163800
199.203425
199.517775
199.571400
199.605575
199.672225
199.726125
199.819200
199.872900
199.910825
200.091125
200.157025
200.205950
200.323600
200.426450
200.680825
200.791050
200.823075
200.868250
200.898000
200.971650
201.070750
201.349150
201.373825
201.399775
201.443900
201.499425
201.646125
201.685750
201.711650
201.771825
203.357225
203.402975
203.459625
203.520850
203.551050
203.598425
203.628125
203.955075
204.025650
204.070900
204.111125
204.187625
204.267775
204.345900
204.387950
204.471075
204.548225
205.072850
205.148200
205.257525
205.571800
205.608050
205.636900
205.674100
205.716900
205.775225
205.804725
205.836475
205.852625
205.995700
206.237525
206.293350
206.403125
206.473025
206.494550
206.556825
206.581550
206.688575
206.720725
206.797575
206.850025
207.248275
207.318275
207.351750
207.382575
207.443650
207.479175
207.550800
207.616525
207.742725
207.849350
207.912375
207.951175
208.099500
208.171200
208.227400
208.252100
208.278425
208.306675
208.358025
208.395975
208.518600
208.635025
208.867325
208.901025
208.970050
208.997525
209.025100
209.157350
209.206125
209.442350
209.501700
209.599700
209.789350
209.817525
209.843275
209.865625
209.875625
210.210850
210.267675
210.518275
210.558175
210.577600
210.787300
210.838350
211.114475
211.275700
211.312125
211.427025
211.466150
211.586050
211.652375
211.722000
211.918275
212.035775
212.072675
212.116950
212.144675
212.163100
212.192200
212.233625
212.286850
212.313300
212.343025
212.623600
212.662700
212.675500
212.708500
212.735600
212.765300
212.824825
213.113025
213.164975
213.325000
213.370400
213.648550
213.679075
213.707500
213.725775
213.739950
213.787225
214.133625
214.165350
214.203675
214.232200
214.708850
214.853250
215.150975
215.835175
215.906925
215.957125
216.008275
216.280100
216.577500
216.624025
216.676975
216.713800
216.750025
216.774150
216.808075
216.860875
216.893700
217.114850
217.141450
217.160600
217.189850
217.224825
217.267475
217.327800
217.337175
217.360275
217.384975
217.394750
217.427525
217.465025
217.488375
217.508500
217.548000
217.633650
217.844550
217.863325
217.877225
217.891100
217.905725
217.929625
217.953650
217.978500
217.995550
218.042925
218.069775
218.105075
218.134050
218.152550
218.264800
218.275900
218.285225
218.298300
218.326500
218.348850
218.380300
218.407600
218.434975
218.493500
218.544975
218.675250
218.695550
218.703825
218.724550
218.747975
218.769025
218.810950
218.824150
218.851575
218.880175
218.995250
219.031775
219.084650
219.109250
219.125225
219.140725
219.165700
219.175850
219.203625
219.208825
219.227100
219.263150
219.305800
219.334100
219.377800
219.455950
219.525425
219.550050
219.561100
219.578050
219.593800
219.613275
219.639425
219.671425
219.709975
219.762425
219.813700
219.857850
219.902825
219.916700
219.933075
220.014025
220.046600
220.087800
220.152000
220.172600
220.272475
220.296325
220.320525
220.334875
220.398000
220.454375
220.510525
220.515375
220.546350
220.574200
220.610775
220.633525
220.646650
220.677150
220.699975
220.743475
220.821275
220.855525
220.876025
220.921800
220.975250
221.026550
221.070575
221.106475
221.127800
221.154275
221.174850
221.208925
221.217725
221.252350
221.276725
221.298525
221.321900
221.348775
221.364225
221.390125
221.397075
221.406450
221.420075
221.428425
221.456400
221.493725
221.515825
221.542600
221.582650
221.609850
221.651775
221.683225
221.703925
221.712825
221.768975
221.781475
221.812525
221.841175
221.847550
221.860900
221.878375
221.942525
221.969800
222.002550
222.006000
222.057300
222.097175
222.110925
222.139800
222.183325
222.191650
222.228875
222.243900
222.389225
222.413375
222.435225
222.471250
222.494100
222.505700
222.523775
222.528700
222.545100
222.557025
222.565400
222.580700
222.605825
222.663325
222.711150
222.770750
222.783700
222.819575
222.844400
222.857975
222.869800
222.900900
222.927475
222.951900
222.968125
222.985925
223.010100
223.034050
223.051675
223.099925
223.112250
223.133025
223.153000
223.207500
223.313175
223.363575
223.380900
223.400900
223.432000
223.444050
223.538650
223.574100
223.656750
223.701800
223.768925
223.799400
223.812075
223.817725
223.829425
223.836525
223.858800
223.879825
223.896575
223.919275
223.941525
223.958450
223.963875
223.987075
224.063000
224.095950
224.174425
224.186625
224.221475
224.232500
224.238375
224.247475
224.334925
224.341025
224.373700
224.400475
224.454225
224.493875
224.514950
224.543050
224.547250
224.550250
224.568450
224.583600
224.631775
224.666400
224.698425
224.738950
224.769475
224.816350
224.899875
224.909175
224.930225
224.931500
224.954450
224.967550
224.978200
225.059525
225.079425
225.100375
225.110875
225.145425
225.196000
225.214100
225.298875
225.319275
225.399700
225.414475
225.463525
225.541225
225.573875
225.670075
225.700500
225.754050
225.887775
225.938050
225.962800
225.991575
226.029625
226.051800
226.233725
226.251075
226.280575
226.304725
226.332800
226.350475
226.577575
226.639550
226.660900
226.683750
226.685675
226.718550
226.979375
227.006675
227.030900
227.058975
227.080850
227.194775
227.253300
227.301700
227.350975
227.384650
227.454975
227.513700
227.729150
227.771150
227.789400
227.810100
227.830800
227.904325
227.997775
228.018300
228.057400
228.070050
228.110500
228.140000
228.172150
228.294925
228.340175
228.403225
228.561800
228.581125
228.634275
228.661325
228.739950
228.795325
228.843275
228.888425
228.914075
228.942050
228.977400
229.081600
229.154350
229.196725
229.266050
229.318675
229.370725
229.414850
229.510125
229.550125
229.581350
229.629675
229.661400
229.696925
229.721100
229.748925
229.794925
229.811200
229.841400
229.853925
229.886775
229.972700
229.998525
230.038250
230.182550
230.226100
230.252300
230.327900
230.338425
230.364850
230.390325
230.408325
230.425275
230.477225
230.500175
230.531200
230.556525
230.599650
230.621325
230.681400
230.715050
230.792400
230.815675
230.842025
230.850425
230.884575
230.942775
230.977300
231.058500
231.077975
231.094625
231.112875
231.136400
231.156350
231.194250
231.207825
231.232275
231.264600
231.336825
231.406000
231.445400
231.462850
231.479575
231.501825
231.531050
231.551850
231.578425
231.588175
231.640525
231.663325
231.684825
231.701675
231.730850
231.781225
231.796225
231.826400
231.854375
231.868800
231.968375
232.005550
232.029675
232.055525
232.154400
232.188000
232.237650
232.280475
232.295250
232.328725
232.403950
232.443425
232.454350
232.494975
232.548275
232.592350
232.674900
232.702675
232.722625
232.740150
232.756500
232.782800
232.809775
232.828800
232.928300
233.006050
233.048750
233.070400
233.082400
233.112150
233.141000
233.170900
233.183550
233.213075
233.242350
233.263900
233.274600
233.287475
233.316400
233.360525
233.397575
233.456925
233.480425
233.525375
233.551625
233.565525
233.615425
233.643750
233.719400
233.761700
233.820800
233.883075
233.908325
233.948725
233.975275
233.996925
234.024250
234.043225
234.074300
234.091425
234.116200
234.141775
234.196500
234.234675
234.286375
234.369325
234.405725
234.476425
234.494875
234.543625
234.563625
234.606450
234.639050
234.728200
234.774550
234.799250
234.861425
234.906725
234.934400
234.966400
235.006325
235.055650
235.091275
235.119900
235.202325
235.244850
235.275300
235.290150
235.321625
235.351775
235.375125
235.390675
235.405925
235.458050
235.485750
235.518425
235.542225
235.567550
235.626000
235.665600
235.731325
235.823025
235.888800
235.957200
236.008775
236.036150
236.068975
236.086100
236.108200
236.193775
236.221025
236.253525
236.290925
236.433025
236.573150
236.655450
236.674725
236.723575
236.762100
236.865200
236.918225
236.967400
237.002300
237.021725
237.050475
237.071175
237.084450
237.115250
237.135425
237.212825
237.267300
237.283475
237.303450
237.324375
237.349950
237.389250
237.408125
237.442900
237.466050
237.521975
237.540150
237.561725
237.604100
237.642375
237.685400
237.704775
237.737400
237.873075
237.939700
237.980300
238.060300
238.091900
238.128975
238.147275
238.185375
238.210975
238.287875
238.444850
238.523100
238.574675
238.650250
238.664875
238.689400
238.713550
238.795500
238.831450
238.864500
238.940175
238.967900
239.091325
239.107375
239.176625
239.211425
239.234475
239.288525
239.297150
239.305925
239.340375
239.370450
239.377450
239.427600
239.460400
239.501475
239.576875
239.611175
239.644100
239.670125
239.686600
239.761375
239.801875
239.827200
239.848850
240.107975
240.147450
240.171225
240.208400
240.247000
240.320750
240.338900
240.377250
240.394825
240.418075
240.493350
240.566550
240.596450
240.649450
240.775275
240.833100
240.891550
240.922350
240.977950
241.037475
241.076300
241.100325
241.129075
241.207150
241.246425
241.293400
241.366575
241.401975
241.599000
241.615650
241.683650
241.772300
241.817175
241.967125
241.986875
241.989300
242.015900
242.048925
242.066225
242.075575
242.222400
242.268650
242.292850
242.324375
242.336600
242.353450
242.383050
242.407475
242.431400
242.464600
242.491650
242.531675
242.565800
242.593550
242.605600
242.631475
242.669000
242.707125
242.765275
242.794325
242.909150
242.961575
243.107950
243.132050
243.161875
243.173325
243.198325
243.225450
243.304550
243.351025
243.418525
243.460425
243.507325
243.584325
243.609425
243.632250
243.779975
243.830875
243.878650
243.935925
243.967175
244.032625
244.065525
244.106750
244.131600
244.166875
244.207400
244.244100
244.266975
244.295400
244.344775
244.391175
244.424625
244.541625
244.600975
244.707625
244.739075
244.788000
244.936075
244.973950
245.001000
245.054175
245.076425
245.115600
245.128625
245.173550
245.196375
245.215950
245.259775
245.293025
245.391350
245.440625
245.545000
245.594050
245.605150
245.632150
245.694900
245.737250
245.780050
245.832950
245.897300
245.907450
245.930875
245.957825
245.983975
246.039650
246.103925
246.122125
246.150350
246.246925
246.270000
246.305675
246.348900
246.385150
246.605475
246.622000
246.647325
246.660475
246.694725
246.700625
246.710125
246.743400
246.755600
246.788925
246.802600
246.809025
246.854400
246.874100
246.900700
246.917025
246.942100
246.958200
247.002900
247.112175
247.189300
247.376175
247.407025
247.443025
247.533525
247.713325
247.820350
247.851325
247.888750
247.912425
247.939225
247.988800
248.162525
248.210250
248.493050
248.645750
248.682150
248.732625
248.771100
248.842600
248.856000
248.886575
249.004000
249.128700
249.188775
249.251500
249.275350
249.321350
249.448875
249.484125
249.534125
249.579700
249.658450
249.689475
249.723925
249.835325
249.856150
249.920750
249.966150
249.990550
250.015925
250.057925
250.079400
250.105375
250.138450
250.287800
250.354075
250.402575
250.437325
250.469900
250.498775
250.581125
250.608250
250.635550
250.681600
250.784500
250.817975
250.865975
250.927700
250.981225
251.064150
251.092900
251.154825
251.196625
251.254450
251.324625
251.463800
251.489350
251.519150
251.553600
251.586400
251.632875
251.787675
251.816325
251.899650
251.954700
251.984550
252.082300
252.116000
252.146650
252.197675
252.217825
252.246250
252.275725
252.302700
252.353450
252.417625
252.458050
252.510375
252.609050
252.638600
252.668425
252.743475
252.822525
252.951650
253.065875
253.151100
253.250725
253.306150
253.337275
253.375450
253.406150
253.505700
253.563725
253.719675
253.751100
253.777625
253.838650
254.030950
254.085625
254.128100
254.195850
254.276625
254.426300
254.449475
254.525000
254.547175
254.600825
254.624375
254.667875
254.691575
254.751775
254.867800
254.907725
254.981300
255.012450
255.035025
255.065425
255.114925
255.184350
255.222225
255.271500
255.494650
255.538025
255.553025
255.584850
255.611175
255.648125
255.702925
255.836525
255.869625
255.926425
255.972400
256.017425
256.051150
256.137475
256.172875
256.228350
256.251100
256.329000
256.359950
256.382475
256.413350
256.455800
256.479475
256.508325
256.547425
256.588550
256.619775
256.659775
256.700375
256.730900
256.815725
256.858750
256.907400
256.953300
256.955875
256.998650
257.055875
257.108775
257.143300
257.192300
257.229550
257.264350
257.335225
257.375250
257.400900
257.443825
257.472725
257.519375
257.579225
257.627200
257.874850
257.884225
257.907475
257.928400
257.942150
257.986650
258.012475
258.034000
258.100325
258.133100
258.196425
258.268300
258.292375
258.354925
258.405575
258.458300
258.642650
258.711575
258.729475
258.827075
258.886550
258.934950
259.083675
259.151050
259.213175
259.248625
259.329275
259.365225
259.541375
259.614275
259.696100
259.916225
259.948325
260.064550
260.106225
260.163125
260.232250
260.398875
260.431700
260.498725
260.532675
260.561475
260.588975
260.913125
260.933125
260.956725
261.028850
261.054725
261.082950
261.164925
261.214725
261.319400
261.504225
261.537425
261.577675
261.615000
261.653700
261.694425
261.834875
261.953100
262.053950
262.217050
262.253025
262.320375
262.405175
262.483325
262.548025
262.750525
262.768900
262.797200
262.858525
263.027125
263.111200
263.169075
263.214425
263.303100
263.340325
263.382300
263.506550
263.718975
263.763525
263.797300
264.092750
264.123625
264.144325
264.205250
264.247025
264.272550
264.505800
264.540575
264.609775
264.668050
264.708800
264.796725
264.846025
264.860875
264.901675
265.054675
265.144400
265.503825
265.543300
265.577500
265.599225
265.627375
265.704400
265.757925
265.790750
265.837700
265.902750
265.946975
266.061100
266.161300
266.204525
266.265025
266.337300
266.387250
266.427575
266.511525
266.558325
266.608425
266.732800
266.861075
266.971875
267.043075
267.085200
267.122500
267.158925
267.285050
267.482100
267.545700
267.575600
267.594125
267.705450
267.734325
267.843575
267.900175
267.974825
268.013075
268.142800
268.169900
268.205400
268.322200
268.452575
268.579500
268.627925
268.730500
268.845550
268.970975
269.144600
269.203225
269.239125
269.305625
269.345100
269.434400
269.490725
269.528925
269.555700
269.626675
269.706100
269.756525
269.852425
269.949775
270.051725
270.182700
270.400525
270.660425
270.717650
270.778625
271.169300
271.243075
271.275100
271.356300
271.418325
271.452650
271.518850
271.541175
271.576900
271.591625
271.714875
271.767775
271.806400
271.974625
272.004150
272.014675
272.056900
272.086225
272.109125
272.156375
272.166575
272.186825
272.212800
272.446550
272.468075
272.513725
272.598950
272.649750
272.688650
272.722625
272.744400
272.767725
272.794925
272.828675
272.867975
272.879850
272.906475
272.939000
272.982850
273.021425
273.047575
273.075525
273.137750
273.157300
273.184925
273.222975
273.252200
273.272600
273.289300
273.323825
273.333325
273.351525
273.366800
273.383075
273.413175
273.422950
273.441475
273.458800
273.486250
273.515950
273.534450
273.554050
273.555950
273.566425
273.579125
273.593250
273.613225
273.649000
273.658625
273.673100
273.693150
273.718700
273.741475
273.759275
273.788450
273.807725
273.849000
273.863850
273.873700
273.884950
273.896225
273.922700
273.946150
273.966300
273.981000
274.018125
274.037350
274.064450
274.070650
274.087925
274.112300
274.148225
274.180175
274.213375
274.256850
274.287675
274.296750
274.353475
274.368975
274.379100
274.473300
274.483650
274.495600
274.517625
274.521475
274.548300
274.566650
274.579625
274.601100
274.624125
274.634825
274.665525
274.676100
274.696625
274.741150
274.751800
274.776000
274.858075
275.000800
275.102675
275.171075
275.207750
275.293200
275.344950
275.425700
275.454975
275.553375
275.658750
275.751625
275.778075
275.796800
275.822825
275.873525
275.998450
276.025625
276.039075
276.069975
276.133075
276.174150
276.198800
276.267450
276.378075
276.408975
276.445250
276.487725
276.518525
276.678850
276.770125
276.809000
276.835775
276.882900
276.895775
276.906825
276.916975
276.970500
276.992475
276.994525
277.005725
277.009075
277.026200
277.035375
277.076800
277.097175
277.143175
277.158200
277.253950
277.284075
277.314025
277.339925
277.412925
277.428325
277.476975
277.540900
277.652975
277.695275
277.712475
277.845475
278.001675
278.024875
278.048675
278.064925
278.098525
278.140225
278.190675
278.263875
278.375650
278.416225
278.434225
278.524475
278.537650
278.616850
278.658275
278.758750
278.788125
278.857375
278.880625
278.913800
278.953250
278.984550
279.046775
279.082950
279.114925
279.134250
279.183100
279.276775
279.309400
279.367900
279.421400
279.501475
279.540150
279.600625
279.643550
279.670175
279.723000
279.900075
279.955325
279.991975
280.060825
280.099350
280.122950
280.142875
280.161050
280.271225
280.306675
280.351425
280.493200
280.501350
280.544425
280.564650
280.581750
280.611550
280.771675
280.878375
280.931975
280.946250
280.984900
281.019175
281.053475
281.083325
281.117100
281.136425
281.147250
281.161775
281.190700
281.237875
281.298675
281.348825
281.383675
281.404750
281.450900
281.479100
281.516375
281.570850
281.704300
281.751775
281.788850
281.902425
281.942725
282.039925
282.068475
282.085850
282.108175
282.122625
282.136475
282.170750
282.244800
282.277000
282.335950
282.374250
282.433275
282.449225
282.489550
282.552575
282.574325
282.689100
282.782100
282.816775
282.857550
283.008700
283.029350
283.110850
283.131875
283.152900
283.187775
283.204550
283.240275
283.264300
283.371825
283.419825
283.494850
283.552525
283.585525
283.597325
283.718325
283.744300
283.774025
283.831725
283.852875
283.867750
283.893025
283.927375
283.957175
283.974725
284.016175
284.040500
284.069150
284.119100
284.233125
284.260375
284.288100
284.348600
284.359000
284.392275
284.441375
284.579150
284.613300
284.635475
284.739550
284.825525
284.908825
284.980375
285.008275
285.036025
285.056875
285.130625
285.150825
285.287325
285.362875
285.414375
285.475600
285.502000
285.536400
285.561750
285.603825
285.635025
285.660125
285.689400
285.801600
285.830125
285.834425
285.879175
285.998350
286.063650
286.084000
286.106100
286.153225
286.174400
286.197875
286.220575
286.247325
286.278500
286.308950
286.332225
286.352550
286.384200
286.506025
286.561650
286.590925
286.644400
286.663975
286.691225
286.707550
286.725300
286.793350
286.830425
286.870525
286.941925
286.971200
286.978450
287.022650
287.043425
287.068850
287.122950
287.130100
287.196025
287.253775
287.276975
287.305050
287.334725
287.339950
287.411950
287.457375
287.480675
287.499150
287.542300
287.570050
287.610975
287.642600
287.696925
287.737725
287.751325
287.768700
287.785950
287.847350
287.886975
287.980225
288.033500
288.046850
288.067625
288.129925
288.190250
288.209275
288.279175
288.346575
288.377800
288.405125
288.430750
288.491225
288.557900
288.606350
288.701850
288.724625
288.767225
288.822675
288.840500
288.854575
288.885450
288.929925
288.951850
289.011250
289.104950
289.129200
289.159975
289.184550
289.219875
289.290750
289.309925
289.357000
289.419950
289.453775
289.480100
289.510200
289.537450
289.594525
289.619675
289.645100
289.704025
289.764150
289.791400
289.835525
289.893600
289.914975
289.932425
289.983600
289.997650
290.014075
290.024800
290.064700
290.074575
290.090925
290.190650
290.317200
290.341625
290.384075
290.414325
290.440500
290.493850
290.510125
290.536250
290.569600
290.604900
290.623975
290.657400
290.672625
290.717150
290.752000
290.763450
290.877350
290.905250
291.002900
291.088800
291.121875
291.145775
291.209275
291.292000
291.337750
291.440125
291.460125
291.698050
291.735200
291.761100
291.806550
291.830200
291.933875
292.013300
292.128275
292.155275
292.257350
292.319250
292.350225
292.381300
292.414700
292.485075
292.542350
292.611625
292.674875
292.699450
292.757725
292.776825
292.822300
292.876650
292.894725
293.022025
293.194025
293.269550
293.308725
293.341175
293.378900
293.408225
293.442000
293.485575
293.501675
293.520750
293.580400
293.649225
293.674575
293.742375
293.816750
293.882275
293.962075
294.004950
294.075025
294.152175
294.182025
294.200500
294.213875
294.233675
294.324525
294.384600
294.445050
294.496100
294.543775
294.623025
294.653225
294.713900
294.745525
294.779050
294.910100
294.949775
295.006400
295.075625
295.115800
295.144275
295.170175
295.213025
295.258050
295.347000
295.431750
295.480825
295.505450
295.530250
295.553225
295.593675
295.608450
295.625225
295.674300
295.695250
295.710975
295.735575
295.795975
295.815275
295.885375
295.986475
296.032425
296.068025
296.099775
296.194475
296.255825
296.276475
296.344950
296.447250
296.503500
296.692625
296.791200
296.877025
296.943225
296.975050
297.018000
297.053875
297.068550
297.073900
297.149125
297.184825
297.213400
297.227575
297.253275
297.278950
297.386375
297.447625
297.476275
297.524575
297.611850
297.637225
297.683725
297.700625
297.724050
297.749075
297.770975
297.833550
297.866050
297.914300
298.017250
298.097075
298.114350
298.143150
298.177700
298.199775
298.332925
298.350400
298.372800
298.403675
298.427350
298.495525
298.546550
298.572325
298.596550
298.642800
298.742175
298.760250
298.788900
298.833850
298.875650
298.898025
298.919400
298.953825
298.991275
299.046075
299.100125
299.167900
299.204500
299.251975
299.286750
299.341175
299.438950
299.474175
299.500000
299.517650
299.543675
299.622350
299.658600
299.701375
299.732725
299.831075
299.930025
299.998500
300.019150
300.138850
300.190550
300.215175
300.255300
300.343050
300.374800
300.407125
300.448550
300.488675
300.523700
300.564050
300.601125
300.645625
300.686200
300.736375
300.784725
300.904900
300.926800
300.978125
301.015150
301.072625
301.273650
301.286825
301.361750
301.389850
301.414425
301.476950
301.533000
301.560150
301.590400
301.687050
301.769375
301.786700
301.824775
301.850425
301.881000
301.905725
301.910800
301.941875
301.960350
301.978700
302.051350
302.067300
302.093725
302.119100
302.168725
302.197175
302.223050
302.238650
302.288625
302.362175
302.377150
302.406850
302.426200
302.469725
302.481450
302.604875
302.640550
302.667250
302.764100
302.805050
302.841650
302.870700
302.921950
302.952525
303.028350
303.055950
303.145125
303.168375
303.172400
303.219650
303.337175
303.363100
303.383650
303.442125
303.504500
303.532525
303.591400
303.618650
303.724275
303.758450
303.812525
303.826925
303.866550
303.919775
303.997950
304.020400
304.055500
304.078550
304.181600
304.213475
304.297125
304.391150
304.421450
304.435325
304.454175
304.470100
304.625625
304.632600
304.684725
304.770275
304.798700
304.838350
304.904200
304.964025
304.983500
305.007300
305.032725
305.041525
305.053975
305.182075
305.200925
305.301500
305.319825
305.337850
305.362925
305.385625
305.414075
305.472725
305.540100
305.585150
305.622825
305.717250
305.741625
305.788525
305.828425
305.856500
306.009300
306.101375
306.256950
306.316500
306.377350
306.450075
306.530700
306.577800
306.618525
306.678125
306.739500
306.765400
306.835450
306.889975
306.948425
306.995100
307.047650
307.082775
307.214575
307.362575
307.394500
307.489200
307.612375
307.643150
307.734450
307.798175
307.826675
307.955975
307.979000
308.009325
308.079350
308.130225
308.183600
308.251675
308.311200
308.399800
308.466300
308.515150
308.613450
308.676975
308.703750
308.825725
308.890825
308.968275
309.119225
309.309100
309.465875
309.661900
309.686850
309.723475
309.776125
309.842900
309.870325
309.893150
309.908825
310.021250
310.266125
310.296700
310.428575
310.582525
310.664050
310.702400
310.704425
310.742500
310.794250
310.866675
310.986125
311.078200
311.115000
311.147150
311.188675
311.234150
311.421950
311.456225
311.558550
311.582725
311.662800
311.780150
311.945750
312.037325
312.071875
312.089900
312.113475
312.214650
312.261300
312.334925
312.340550
312.415725
312.444850
312.485925
312.583825
312.617125
312.835100
312.917625
312.963525
313.025200
313.082925
313.162725
313.288100
313.373000
313.450300
313.469800
313.492025
313.603000
313.779950
313.938800
313.975000
313.989300
314.021625
314.046050
314.092725
314.120125
314.171450
314.190275
314.346300
314.462125
314.562075
314.608275
314.624825
314.640875
314.727075
314.867500
314.896175
314.997550
315.097175
315.213850
315.306500
315.379250
315.619250
315.733775
315.774550
315.833500
315.880725
315.907425
316.186825
316.256825
316.335100
316.369750
316.404400
316.455325
316.497875
316.621175
316.859150
316.921600
316.947475
317.028475
317.054475
317.100175
317.184350
317.227275
317.252575
317.540300
317.594200
317.624600
317.659650
317.721850
317.840950
317.905575
317.959000
317.986100
317.994775
318.062850
318.101600
318.139600
318.196825
318.267000
318.323875
318.386000
318.457600
318.626975
318.662725
318.704625
318.727750
318.843525
318.889250
318.945100
318.953750
319.453300
319.499900
319.577700
319.611200
319.705750
319.971775
320.044875
320.100550
320.131825
320.408900
320.419000
320.696600
320.755825
320.833950
320.917050
320.960950
320.997575
321.035175
321.139525
321.239775
321.267475
321.315625
321.347775
321.366775
321.397075
321.425525
321.450625
321.492725
321.558100
321.635575
321.850225
321.866650
321.882725
321.964400
321.990875
322.011175
322.059925
322.084750
322.107950
322.127150
322.168400
322.310850
322.344000
322.370850
322.438100
322.503525
322.521275
322.557150
322.632075
322.674800
322.734575
322.774775
322.824500
322.852775
322.884375
322.950250
322.991275
322.995075
323.050600
323.106825
323.162175
323.186975
323.236850
323.332675
323.368925
323.431875
323.539425
323.593625
323.594325
323.603175
323.626950
323.666150
323.709725
323.776925
323.841800
323.897350
323.921300
323.945175
323.971975
323.997075
324.055575
324.057950
324.094325
324.173600
324.200375
324.247150
324.291225
324.517675
324.575775
324.666100
324.699350
324.759225
324.837800
324.866975
324.966900
324.998550
325.052750
325.185375
325.317150
325.348075
325.369275
325.446550
325.467550
325.560400
325.866825
325.916200
325.962700
326.003275
326.048900
326.162650
326.190675
326.209350
326.245950
326.260850
326.326475
326.376800
326.517925
326.638800
326.682850
326.715175
326.798150
326.847875
326.903550
326.996050
327.038825
327.074875
327.184350
327.296750
327.338850
327.420000
327.460825
327.493875
327.527150
327.544150
327.551100
327.602200
327.627250
327.643850
327.667150
327.704675
327.757800
327.792350
327.844325
327.868150
327.894125
327.958525
328.132225
328.165750
328.203550
328.220350
328.260250
328.278225
328.310325
328.401075
328.450825
328.487650
328.558525
328.597675
328.647150
328.719875
328.741125
328.794675
328.848650
328.895725
328.946575
329.033500
329.169750
329.221750
329.271625
329.313550
329.334725
329.362625
329.396600
329.435700
329.481375
329.591950
329.628800
329.673075
329.709775
329.743400
329.749650
329.773600
329.819075
329.889550
329.971300
329.991425
330.021225
330.037700
330.125725
330.145550
330.175475
330.202800
330.230050
330.269775
330.353525
330.377425
330.403075
330.425200
330.431300
330.443175
330.488325
330.529675
330.561075
330.595500
330.627625
330.669375
330.695175
330.727025
330.744500
330.790650
330.872100
330.899275
330.939000
330.969450
331.022550
331.212800
331.231525
331.262225
331.292975
331.338375
331.369050
331.434400
331.457975
331.500300
331.626400
331.662800
331.770325
331.794475
331.826450
331.851200
331.910975
332.001550
332.064275
332.092775
332.155475
332.221325
332.355000
332.415200
332.447700
332.478800
332.493625
332.587525
332.605075
332.676275
332.875950
332.892000
332.901000
332.942625
332.990625
333.015150
333.033725
333.122875
333.162150
333.202675
333.229875
333.342725
333.395125
333.446825
333.562350
333.592600
333.605375
333.632975
333.645475
333.667075
333.752800
333.776525
333.865450
333.894275
333.934725
333.975375
334.017700
334.154900
334.356950
334.374275
334.454750
334.632150
334.674150
334.731075
334.759625
334.782650
334.816925
334.846775
334.874400
334.956025
335.153950
335.245625
335.300475
335.341075
335.374675
335.410525
335.642375
335.668900
335.756700
335.882525
335.918425
336.095500
336.117725
336.197150
336.226150
336.290000
336.395050
336.448975
336.483350
336.548375
336.563050
336.601550
336.681450
336.762850
336.857900
336.879925
336.920525
336.940975
336.997300
337.010925
337.051125
337.077725
337.131000
337.152875
337.234925
337.266450
337.292950
337.367950
337.389900
337.538375
337.564800
337.576975
337.594675
337.608525
337.622200
337.678125
337.705800
337.758250
337.781175
337.799925
337.850925
337.904100
337.931975
337.955475
337.972975
337.986175
338.024125
338.079025
338.102450
338.128625
338.159100
338.184875
338.204800
338.297725
338.332275
338.404550
338.434250
338.477450
338.488400
338.548425
338.576600
338.646250
338.676825
338.709275
338.723525
338.749475
338.772200
338.784700
338.811450
338.825050
338.842300
338.896875
338.916425
338.940300
339.018650
339.067300
339.102700
339.168600
339.181250
339.203750
339.229325
339.242450
339.272025
339.384675
339.489450
339.550575
339.570075
339.597900
339.651150
339.702650
339.723475
339.775025
339.830275
339.950200
340.007375
340.084100
340.272300
340.309325
340.348600
340.733950
340.806975
341.041650
341.085550
341.436200
341.469925
341.481525
341.557975
341.644725
341.961075
342.043850
342.086100
342.143050
342.295500
342.392075
342.392900
342.449975
342.513350
342.591225
342.730775
342.793925
342.818300
342.839500
342.877175
342.912900
342.966925
343.070950
343.213825
343.274075
343.447800
343.502775
343.534800
343.567175
343.601400
343.632775
343.660750
343.710925
343.735350
343.789600
343.843025
343.947725
344.083500
344.116275
344.238850
344.269275
344.491975
344.729600
344.800025
344.823325
344.880300
345.067550
345.181875
345.229175
345.294600
345.399125
345.451925
345.511750
345.573850
345.861950
345.925375
346.033425
346.105800
346.379025
346.535275
346.575875
346.663375
346.718775
346.761850
346.812425
346.902500
347.039850
347.177600
347.464200
347.511550
347.571650
347.636800
347.694875
347.773800
347.869875
347.918975
347.987200
348.047350
348.218125
348.247550
348.288800
348.356000
348.429350
348.476925
348.608725
348.669100
348.878000
349.044900
349.079300
349.119750
349.154350
349.221300
349.269900
349.327300
349.428975
349.505175
349.552925
349.582625
349.651675
349.817050
349.900025
350.035225
350.112700
350.171475
350.211700
350.389650
350.428700
350.493075
350.576850
350.708150
350.792500
350.835900
350.889950
350.917725
350.961600
351.008200
351.056575
351.060500
351.426300
351.501350
351.521250
351.573025
351.718425
351.779025
351.845500
351.927050
352.207500
352.342000
352.427525
352.793125
352.898450
352.948825
353.018975
353.061375
353.121325
353.444775
353.543600
353.901750
354.005700
354.045350
354.107300
354.158950
354.233125
354.277700
354.322575
354.342025
354.437650
354.477950
354.500775
354.577700
354.685325
354.760025
354.840150
354.881125
354.896800
354.973400
355.707550
355.758275
355.774900
355.801300
356.542725
356.563650
356.731375
356.852750
356.924900
357.043300
357.227600
357.336200
357.584550
357.653700
357.689300
357.812175
357.852325
358.379325
358.402400
358.451675
358.518725
358.578775
358.979775
359.006450
359.051200
359.078725
359.100000
359.137750
359.215125
359.247025
359.425425
359.583825
359.617950
359.675600
359.941000
360.007425
360.026300
360.050200
360.069075
360.096925
360.110975
360.174375
360.232200
360.254950
360.320550
360.422750
360.439150
360.512275
360.538550
360.562600
360.759025
360.787375
360.808000
360.841000
360.857125
360.924850
360.964925
361.054350
361.087750
361.107675
361.161850
361.206900
361.242525
361.260450
361.302200
361.321450
361.570900
361.619075
361.638550
361.679475
361.745500
361.814675
361.863600
362.072025
362.097675
362.123100
362.145500
362.200575
362.237275
362.285900
362.323450
362.356375
362.451375
362.504725
362.616875
362.635550
362.677625
362.718350
362.784250
362.895450
362.937100
362.959075
363.045000
363.097125
363.120775
363.188250
363.242900
363.278950
363.313575
363.395600
363.487300
363.503750
363.521525
363.538950
363.566625
363.621725
363.692450
363.730600
363.752950
363.800275
363.838000
363.870875
363.914900
364.102975
364.146600
364.167775
364.209100
364.226175
364.301550
364.343225
364.364900
364.482650
364.576725
364.674775
364.721550
364.745900
364.769325
364.884400
364.973500
364.985900
365.028775
365.065125
365.104825
365.133150
365.168125
365.182075
365.194575
365.264925
365.355650
365.371750
365.398100
365.428950
365.550500
365.609825
365.654425
365.735050
365.759400
365.856025
365.891800
365.957300
365.984725
365.996175
366.042875
366.067025
366.206125
366.240325
366.276625
366.391725
366.558100
366.609700
366.672050
366.705650
366.721475
366.729425
366.769000
366.896400
366.962350
367.013025
367.075000
367.126800
367.274950
367.483100
367.564375
367.691525
367.830250
367.867050
367.935125
368.303775
368.424525
368.518050
368.648675
368.706075
368.827825
368.880950
368.943450
368.997875
369.132850
369.180825
369.263000
369.301775
369.384775
369.448000
369.489225
369.546300
369.572450
369.700650
369.951200
370.132425
370.153775
370.173075
370.262475
370.640150
370.658825
370.711500
370.931500
370.949775
370.977500
371.087925
371.116300
371.125275
371.147775
371.222075
371.270200
371.301025
371.364425
371.380450
371.451875
371.482700
371.548275
371.606650
371.657975
371.700650
371.737000
371.775600
371.795025
371.908400
371.956800
372.006675
372.086300
372.123750
372.375125
372.394625
372.458600
372.480825
372.508050
372.555150
372.644425
372.686325
372.725250
372.753825
372.795975
372.818825
372.843150
372.858350
372.886800
372.914975
372.935350
372.971150
372.992550
373.018725
373.069500
373.097950
373.117600
373.141700
373.188700
373.224525
373.259125
373.330000
373.352875
373.376275
373.408250
373.422650
373.471725
373.498125
373.516750
373.533725
373.553925
373.587100
373.635050
373.666425
373.759725
373.778400
373.820650
373.914700
373.923100
373.966750
373.997075
374.042225
374.056950
374.069125
374.088200
374.096525
374.149650
374.168825
374.191900
374.215900
374.230525
374.251525
374.288150
374.311550
374.332925
374.371950
374.412025
374.431650
374.476500
374.504075
374.522800
374.525300
374.551125
374.633525
374.645825
374.653225
374.721650
374.734250
374.765775
374.787150
374.802000
374.817125
374.843525
374.862925
374.879575
374.893100
374.923175
374.964550
375.098450
375.117875
375.262050
375.283450
375.413700
375.431550
375.445200
375.507250
375.631950
375.671025
375.731525
375.850450
375.867900
375.936250
375.996750
376.079750
376.154750
376.185225
376.254850
376.499250
376.518600
376.565200
376.746125
376.772750
376.800900
376.834975
376.914025
377.000225
377.043475
377.089525
377.131975
377.192200
377.249325
377.355800
377.457550
377.518875
377.532850
377.569250
377.653325
377.700900
377.739225
377.824350
377.877800
377.900175
378.015525
378.034975
378.055675
378.074250
378.118450
378.184200
378.232175
378.273350
378.317500
378.488925
378.674500
378.713925
378.815800
378.820300
378.839350
378.854050
378.923375
378.952400
379.093725
379.121450
379.162475
379.192950
379.197175
379.209250
379.223025
379.304300
379.327600
379.349325
379.399150
379.430350
379.564800
379.623225
379.680750
379.736750
379.814950
379.854200
379.888450
379.936275
380.031725
380.089900
380.142975
380.190200
380.205475
380.222700
380.252125
380.315275
380.318150
380.344875
380.359100
380.378650
380.421650
380.488850
380.536800
380.565525
380.586725
380.670575
380.711125
380.731725
380.772300
380.915900
380.953475
381.027350
381.048700
381.068575
381.192425
381.243825
381.269775
381.293850
381.309725
381.335675
381.400575
381.423300
381.481825
381.676600
381.703025
381.744200
381.774900
381.807725
381.825050
381.841350
381.874400
381.926200
381.993550
382.035500
382.070900
382.214975
382.238325
382.264275
382.284250
382.322350
382.404550
382.638625
382.687450
382.729350
382.753225
382.774725
382.804900
382.836775
383.072200
383.082675
383.206625
383.232375
383.257000
383.457100
383.533050
383.567625
383.820775
383.874675
383.906675
384.049825
384.128475
384.168850
384.193250
384.213725
384.223400
384.251250
384.287450
384.316325
384.343575
384.437225
384.474100
384.495000
384.546000
384.607200
384.608650
384.685900
384.704525
384.740025
384.764675
384.777525
384.801175
384.816500
384.915750
384.945675
385.106950
385.199100
385.218900
385.249175
385.261550
385.336425
385.416400
385.535250
385.570900
385.589250
385.618025
385.637525
385.686350
385.702575
385.789925
385.807250
385.850250
385.949650
386.008875
386.155050
386.171500
386.234725
386.265175
386.328225
386.353400
386.398775
386.436025
386.659900
386.683875
386.711125
386.828575
386.891625
386.911500
386.913850
386.939575
386.968775
386.993400
387.072975
387.099500
387.189400
387.246625
387.273950
387.283975
387.307050
387.448225
387.512775
387.693025
387.703975
387.719400
387.739275
387.775700
387.797225
387.817650
387.876150
387.929025
387.966350
388.004625
388.063100
388.109125
388.144450
388.179050
388.182400
388.195525
388.239575
388.250000
388.254850
388.276375
388.308800
388.354275
388.467100
388.493975
388.590300
388.657975
388.696000
388.855400
388.979475
389.011925
389.037600
389.100375
389.127875
389.130350
389.230300
389.344575
389.482600
389.508925
389.603900
389.629375
389.744475
389.810725
389.840550
389.890650
389.932725
390.023900
390.083775
390.142900
390.235775
390.274375
390.311575
390.364500
390.379725
390.509625
390.579450
390.752450
390.802150
390.973975
391.013225
391.089950
391.147775
391.177450
391.203000
391.253800
391.319575
391.361000
391.431100
391.490175
391.550750
391.582575
391.739775
391.788925
392.020700
392.077950
392.103925
392.287250
392.376650
392.407950
392.510175
392.569575
392.665250
392.727325
392.791200
392.834550
392.855000
392.889175
392.941350
392.986800
393.008650
393.052100
393.127500
393.166475
393.225375
393.290800
393.389975
393.461200
393.478075
393.519350
393.552025
393.617225
393.691025
393.871475
393.911250
393.938600
394.005650
394.030250
394.114975
394.144725
394.173225
394.242250
394.293575
394.348100
394.384425
394.433475
394.457650
394.486825
394.518150
394.611375
394.637925
394.692900
394.738550
394.763900
394.909400
394.941850
394.975075
395.006425
395.039550
395.058625
395.100500
395.190700
395.220125
395.286250
395.362325
395.409175
395.454150
395.542125
395.595300
395.701900
395.766025
395.821225
395.861775
395.889725
396.039650
396.124125
396.184275
396.217350
396.243200
396.288900
396.329400
396.388875
396.482000
396.571300
396.876850
396.927000
397.094075
397.205750
397.269450
397.332425
397.419750
397.491725
397.539725
397.598775
397.678375
397.722025
397.771700
397.958600
398.219375
398.246000
398.271725
398.375225
398.466675
398.467525
398.518675
398.558250
398.602800
398.648925
398.920650
399.014775
399.166475
399.321300
399.427025
399.535675
399.615000
399.852500
399.944150
399.992225
400.080650
400.106550
400.251175
400.380150
400.424300
400.488600
400.893225
400.922175
401.030000
401.089700
401.409375
401.476700
401.501300
401.541000
401.592150
401.718775
401.750250
401.889300
401.946675
401.995950
402.041450
402.074825
402.095175
402.198275
402.229675
402.263825
402.343500
402.426575
402.443325
402.470000
402.491725
402.603275
402.708875
402.743100
402.817325
402.884225
402.919000
402.940300
402.959500
403.024200
403.089825
403.326900
403.363950
403.408125
403.450650
403.517100
403.692950
403.812775
404.049875
404.102575
404.151250
404.174925
404.197250
404.233600
404.283575
404.419225
404.620275
404.787475
404.845100
404.896000
404.940700
404.988050
405.027725
405.078100
405.114925
405.176075
405.224275
405.393350
405.698875
405.796900
405.902100
405.966150
406.606625
406.696375
406.753200
406.830875
406.884600
406.938625
407.022575
407.039775
407.232850
407.299125
407.366500
407.474325
407.717500
407.967250
408.108700
408.208050
408.312825
408.439600
408.581775
408.639200
408.778550
408.853400
408.955650
409.085800
409.153250
409.186200
409.222225
409.343675
409.484000
409.578300
409.677375
409.730575
409.764000
409.841825
409.956750
410.074800
410.111850
410.215875
410.286275
410.342425
410.768300
410.789800
410.888775
410.923175
411.058025
411.098400
411.499050
411.663950
411.711300
411.800125
412.096850
412.434650
412.488575
412.549775
412.854525
413.072100
413.163650
413.196225
413.222825
413.377250
413.472450
413.528025
413.654075
413.707100
413.784900
413.932200
414.035175
414.141025
414.193450
414.212350
414.245125
414.262000
414.276450
414.325025
414.368225
414.388675
414.409600
414.445150
414.506775
414.716850
414.745100
414.766750
414.830925
414.868350
414.907750
414.929125
414.971275
415.207300
415.304850
415.348500
415.399625
415.453300
415.502250
415.668125
415.694350
415.722400
415.743550
415.788575
416.017125
416.063375
416.113100
416.138000
416.180275
416.266225
416.282650
416.328950
416.402050
416.569625
416.768225
416.811775
416.900925
416.941425
416.994200
417.060200
417.406350
417.427275
417.444525
417.469900
417.500400
417.638525
417.723175
417.811750
417.906175
417.980625
418.020150
418.166200
418.195950
418.220100
418.525350
418.614500
418.632375
418.664000
418.691150
418.830700
418.859800
418.933375
419.006550
419.166275
419.270125
419.279400
419.336200
419.350250
419.415000
419.537300
419.567575
419.726725
419.735400
419.745625
419.762400
419.771475
419.792100
419.890950
420.014250
420.152900
420.173650
420.192300
420.312500
420.506650
420.529400
420.553475
420.575925
420.612000
420.636900
420.661325
420.691900
420.733800
420.760100
420.786325
420.813425
420.840875
420.859825
420.891825
420.920075
420.980350
420.999800
421.059175
421.081250
421.104550
421.128150
421.152100
421.178450
421.187225
421.210500
421.232125
421.250725
421.270875
421.286950
421.325975
421.346375
421.380075
421.422000
421.435100
421.494400
421.508425
421.578150
421.591050
421.597550
421.625775
421.642625
421.675350
421.688550
421.702600
421.736125
421.859025
421.878125
421.930275
421.981850
422.043375
422.052425
422.072025
422.075450
422.106225
422.330800
422.382550
422.415250
422.452250
422.568950
422.652250
422.675425
422.720350
422.784100
422.785400
422.806800
422.839075
422.878250
422.908250
422.940425
422.948575
422.969550
422.990975
423.009550
423.024375
423.117650
423.139225
423.198350
423.217150
423.262125
423.286200
423.355875
423.379550
423.386175
423.441650
423.465400
423.528875
423.555475
423.637900
423.682525
423.800675
423.830700
423.898450
424.010025
424.105050
424.112675
424.238325
424.296950
424.379225
424.452925
424.467800
424.485575
424.503625
424.592900
424.603750
424.660850
424.673475
424.712400
424.747275
424.779125
424.793700
424.868850
424.890125
424.897850
424.994300
425.059725
425.209900
425.370350
425.383450
425.575475
425.655125
425.683250
425.705125
425.755000
425.834650
425.870025
426.160450
426.488150
426.542800
426.705125
426.740700
426.828475
426.907225
427.021500
427.022225
427.042550
427.068025
427.116700
427.189375
427.208475
427.224200
427.248450
427.277475
427.335550
427.417950
427.668250
427.740800
427.764375
427.874650
427.947275
427.996525
428.023450
428.099575
428.199800
428.263675
428.462100
428.495525
428.536000
428.619825
428.656475
428.723100
428.836700
428.902550
428.938050
428.951575
428.960800
428.986200
429.033600
429.065450
429.195275
429.269075
429.352250
429.378125
429.465500
429.630425
429.667050
429.681300
429.766875
429.829750
429.962775
430.165475
430.184575
430.211275
430.255325
430.413525
430.536250
430.569450
430.595550
430.818275
430.972950
431.002400
431.056875
431.140200
431.196125
431.294125
431.308625
431.367625
431.435450
431.482800
431.502900
431.523825
431.576775
431.624500
431.767750
431.833000
431.862925
432.021475
432.040850
432.075300
432.102425
432.191000
432.233200
432.262850
432.524125
432.563500
432.589950
432.599700
432.619025
432.653400
432.680925
432.716450
432.770775
432.799825
432.860450
432.910600
432.953775
432.988700
433.063475
433.095700
433.136400
433.161425
433.183625
433.484650
433.661275
433.673875
433.732175
433.903450
433.929350
433.990975
434.009975
434.033375
434.118800
434.189850
434.260900
434.328525
434.440950
434.506475
434.607350
434.636750
434.656625
434.684775
434.710150
434.801250
434.815050
434.913575
434.995350
435.025350
435.117250
435.204000
435.242875
435.288075
435.343150
435.420675
435.457450
435.669725
435.780775
435.812125
435.834200
435.878725
436.023325
436.094600
436.223000
436.242875
436.268450
436.285575
436.313250
436.387850
436.409775
436.525975
436.601225
436.635275
436.661475
436.752275
436.781750
436.813425
436.875475
436.928975
436.998425
437.037450
437.089500
437.144375
437.158350
437.252850
437.448900
437.484100
437.514800
437.576600
437.597425
437.679775
437.745275
437.906400
437.944500
437.980650
438.022900
438.109750
438.157525
438.224300
438.289075
438.317775
438.341700
438.370000
438.412400
438.456225
438.511800
438.584700
438.759175
438.845825
438.862300
438.878250
439.082150
439.106600
439.144825
439.164125
439.201850
439.260525
439.298850
439.329725
439.414050
439.446250
439.546525
439.590450
439.635025
439.644325
439.667100
439.740925
439.805450
439.831850
439.848150
439.912925
439.940450
440.079550
440.180700
440.268125
440.319150
440.338100
440.463025
440.544225
440.562325
440.579100
440.588600
440.632775
440.682350
440.726375
440.746700
440.792425
440.858825
440.925675
440.933500
441.049525
441.160875
441.226775
441.277375
441.324550
441.326100
441.359775
441.374750
441.474650
441.514850
441.548075
441.724375
441.743500
441.802725
441.893925
441.965800
441.985275
442.000800
442.023200
442.034650
442.152175
442.220400
442.323200
442.397850
442.459575
442.483875
442.535825
442.562875
442.744675
443.269200
443.312700
443.356500
443.397475
443.416750
443.477500
443.513300
443.549300
443.581500
443.667725
443.696250
443.720975
443.824075
443.854225
443.916400
444.020800
444.102550
444.153325
444.192825
444.212450
444.251425
444.381200
444.400625
444.420450
444.423400
444.433450
444.471100
444.543975
444.565175
444.576400
444.660975
444.737950
444.773900
444.834400
444.867700
444.904825
445.084800
445.191475
445.237650
445.366650
445.403625
445.444200
445.477000
445.498125
445.532075
445.569225
445.605875
445.991125
446.247975
446.286525
446.405075
446.478475
446.737575
446.815350
446.853550
446.891300
446.926700
447.076450
447.196875
447.263300
447.314800
447.402425
447.435250
447.479225
447.560800
447.601875
447.775550
448.074150
448.140475
448.159775
448.272750
448.449200
448.526650
448.558625
448.577725
448.620050
448.675925
448.762075
448.937475
449.043350
449.135850
449.151325
449.167050
449.378600
449.404050
449.446700
449.449150
449.558775
449.621850
449.719200
449.797875
449.829550
449.877000
449.917675
450.070575
450.226775
450.304550
450.394425
450.429500
450.503600
450.691075
450.737200
450.813900
450.961375
451.190875
451.282000
451.327625
451.526200
451.786200
452.105400
452.145125
452.195625
452.326450
452.436500
452.602725
452.625425
452.695000
452.760125
452.857700
452.938950
453.048750
453.241650
453.330750
453.369050
453.416425
453.449150
453.524900
453.571450
453.855325
453.886350
453.901450
453.936100
453.989250
454.031875
454.074050
454.115075
454.377375
454.407425
454.435700
454.484425
454.526075
454.674075
454.935650
455.033975
455.121250
455.161000
455.313675
455.463775
455.526325
455.599225
455.701775
455.878850
455.931850
455.961775
456.102300
456.355075
456.436275
456.533800
456.600250
456.699775
456.854825
456.933350
457.273125
457.303275
457.321850
457.363875
457.390575
457.441150
457.460175
457.844425
458.016500
458.072850
458.181050
458.213875
458.251300
458.341025
458.359800
458.418150
458.445950
458.562150
458.645325
458.692400
458.755925
458.841750
458.881775
458.914450
458.956025
458.993000
459.130975
459.165450
459.282775
459.397775
459.425900
459.517550
459.598050
459.635450
459.647750
459.667550
459.773575
459.854625
459.970800
460.008100
460.035175
460.060775
460.191925
460.211550
460.244975
460.280750
460.346150
460.396275
460.444500
460.496550
460.515525
460.585075
460.679350
460.709200
460.747200
460.784925
460.898800
460.914450
460.934300
461.161225
461.207900
461.235075
461.308850
461.336125
461.345950
461.379900
461.435300
461.485575
461.569975
461.631400
461.684400
461.727400
461.759575
461.809925
461.868125
461.930200
462.184800
462.258300
462.286700
462.315800
462.369650
462.412250
462.483050
462.555250
462.642125
462.740250
462.884100
463.033900
463.176825
463.562125
463.710375
463.757875
464.097775
464.192250
464.390050
464.447300
464.502300
464.526375
464.687125
464.726375
464.771700
464.824700
464.856275
465.137250
465.170175
465.228750
465.254025
465.311700
465.434425
465.564975
465.641200
465.801625
465.849975
465.934125
465.974850
466.117300
466.193900
466.243050
466.298150
466.324850
466.507800
466.545050
466.876525
466.969975
467.059900
467.171500
467.286800
467.397350
467.419475
467.442575
467.464750
467.493250
467.568350
467.669400
467.940000
468.003350
468.063200
468.112325
468.389275
468.412450
468.429675
468.490125
468.534700
468.593750
468.622100
468.716600
468.774825
468.910500
468.975475
469.026600
469.119000
469.223325
469.382900
469.463625
469.493500
469.494975
469.507600
469.628325
469.717950
469.782475
469.835200
469.954375
470.003850
470.065375
470.121900
470.189575
470.285375
470.394150
472.543425
472.584675
472.683800
473.146725
473.365350
473.486100
473.521825
473.565200
473.626975
473.688375
473.726525
473.840900
473.902250
473.959100
473.984875
474.059075
474.082550
474.097950
474.159550
474.253700
474.299450
474.342775
474.375925
474.401125
474.439400
474.465800
474.567250
474.614075
474.734025
474.783400
474.816800
474.833750
474.865450
475.043825
475.057750
475.093825
475.119650
475.162900
475.345175
475.421050
475.477500
475.615550
475.632375
475.642875
475.660500
475.682475
475.764400
475.800100
475.907425
475.919625
476.026975
476.059250
476.118025
476.207550
476.342050
476.408700
476.540425
476.553950
476.606800
476.635100
476.654850
476.671400
476.683775
476.893950
476.964350
477.043425
477.231900
477.291900
477.321825
477.379400
477.529900
477.557875
477.644575
477.748350
477.948825
477.953275
478.011450
478.023825
478.041600
478.155575
478.251025
478.271375
478.536125
478.608400
478.684925
478.794675
478.824425
478.865725
478.945600
479.008200
479.180475
479.293525
479.372100
479.476800
479.563200
479.636550
479.728375
479.768325
479.791200
479.861900
479.891350
479.924900
479.945675
479.985100
480.185550
480.503575
480.524950
480.733075
480.933575
480.961375
481.049250
481.118525
481.231050
481.307450
481.397025
481.436325
481.528225
481.574075
481.617100
481.666175
481.744425
481.784350
481.810000
482.088625
482.229850
482.249350
482.392225
482.460375
482.527175
482.544425
482.580825
482.861250
483.068575
483.108975
483.317375
483.434375
483.465050
483.475075
483.529650
483.597650
483.652875
483.705550
483.858825
484.048050
484.200850
484.293150
484.318250
484.352250
484.466250
484.542775
484.639875
484.746175
484.772675
484.794700
484.882450
484.910850
484.951050
485.016850
485.169250
485.200275
485.220875
485.247750
485.261100
485.372150
485.395825
485.439375
485.479225
485.652650
485.743925
485.774200
485.838050
485.910575
485.944425
486.132800
486.220875
486.247950
486.264050
486.369925
486.531575
486.651250
486.695625
486.702150
486.753275
486.789275
486.874800
486.931900
486.948775
486.958100
487.005400
487.034250
487.087000
487.165575
487.251350
487.271025
487.286700
487.329500
487.349550
487.359675
487.525350
487.698300
487.732625
487.791025
487.811775
487.844200
487.867475
487.900775
487.930275
488.009475
488.023550
488.049400
488.234675
488.305100
488.328625
488.348225
488.649800
488.737600
488.775725
488.823550
488.854525
488.874450
488.922700
489.097875
489.176500
489.197275
489.222875
489.246700
489.381150
489.415475
489.480850
489.492775
489.562375
489.643400
489.735225
489.792850
489.835225
489.856575
489.979825
490.051950
490.195250
490.256425
490.307375
490.386600
490.402100
490.480450
490.532675
490.610375
490.669525
490.691300
490.727975
490.780575
490.823125
490.900175
490.910550
490.947525
490.988025
491.044225
491.076300
491.105450
491.134850
491.152850
491.185225
491.205400
491.430650
491.458550
491.486350
491.535800
491.560100
491.665950
491.780350
491.880000
492.004975
492.021750
492.071375
492.078825
492.195575
492.261300
492.293600
492.350925
492.465000
492.503850
492.562600
492.592350
492.612625
492.652125
492.762625
492.808950
492.881000
492.927150
492.943575
493.092675
493.119325
493.127100
493.187875
493.243050
493.258325
493.321350
493.630125
493.682700
493.913750
493.991900
494.007875
494.039325
494.211375
494.285975
494.356550
494.441700
494.562325
494.730250
494.765525
494.808800
494.962975
495.100725
495.234575
495.277200
495.314975
495.337475
495.349650
495.499725
495.543525
495.607700
495.629650
495.694650
495.769450
495.824000
495.970875
496.051075
496.195400
496.236500
496.271775
496.340800
496.408825
496.670800
496.734250
496.879100
496.926400
496.950150
496.996450
497.158075
497.371000
497.435950
497.534425
497.604250
497.646975
497.665500
497.696750
497.781550
497.860150
498.031400
498.043300
498.070700
498.085150
498.250450
498.399450
498.625575
498.695550
498.716850
498.791700
498.820375
498.835375
498.862025
498.889375
498.919525
498.967675
498.990400
498.992450
499.173625
499.198200
499.257675
499.386525
499.414800
499.703900
499.829400
500.108200
500.207350
500.352400
500.507025
500.534450
500.623575
500.701800
501.006325
501.150950
501.178475
501.268050
501.325150
501.561125
501.653850
501.690700
501.768200
501.801850
501.889125
501.905650
502.013450
502.059300
502.212550
502.271750
502.377575
502.704875
502.729700
502.830400
502.882600
503.044975
503.068900
503.128200
503.144825
503.171750
503.316750
503.389625
503.634400
503.716700
503.921950
504.044875
504.104775
504.223825
504.249900
504.282600
504.283875
504.304400
504.329900
504.343825
504.360725
504.411300
504.422725
504.434050
504.476625
504.640400
504.693025
504.739925
504.811775
504.847200
504.919925
505.127725
505.135050
505.151700
505.195625
505.224450
505.242400
505.282450
505.394875
505.577000
505.622625
505.628250
505.725650
505.811025
505.922900
505.940975
505.969400
506.034450
506.119425
506.198525
506.231950
506.389500
506.470925
506.582050
506.827125
506.902825
506.926300
506.951650
506.957725
507.063400
507.131200
507.240175
507.281375
507.408800
507.424250
507.444000
507.591200
507.628950
507.651850
507.685000
507.833700
507.878325
507.893400
508.006825
508.107875
508.316475
508.388125
508.428950
508.611925
508.638175
508.683600
508.708900
508.730050
508.812500
509.063475
509.148200
509.226225
509.334500
509.388450
509.432400
509.437525
509.475950
509.544850
509.602325
509.876400
509.896675
