# All spike data from neuron.
0.000975
0.101500
0.219200
0.293050
0.386275
0.424175
0.459750
0.541225
0.671675
0.783225
0.878750
1.040450
1.057125
1.080425
1.182850
1.383825
1.431450
1.508725
1.609175
1.668175
1.697125
1.753425
1.958075
2.022875
2.104025
2.281100
2.314550
2.401350
2.463275
2.578925
2.665775
2.766150
2.854800
3.058350
3.189500
3.250250
3.414625
3.440425
3.534100
3.600325
3.678825
3.737275
3.794200
3.829950
3.861100
3.921650
3.978900
4.037375
4.123375
4.203425
4.307475
4.351525
4.478075
4.510700
4.560150
4.595775
4.664525
4.709775
4.754425
4.841050
4.913425
4.991250
5.039325
5.100375
5.175750
5.338300
5.369500
5.459100
5.512700
5.805075
5.850575
5.987975
6.072050
6.195225
6.301100
6.356450
6.378500
6.408350
6.426800
6.445375
6.691675
6.856175
6.873925
6.900500
7.129575
7.235750
7.300050
7.366400
7.437325
7.502975
7.545000
7.571800
7.640075
7.704475
7.847150
7.912550
7.935575
7.989525
8.025800
8.088875
8.109750
8.247800
8.288225
8.376975
8.415150
8.473850
8.597150
8.624875
8.661675
8.708775
8.752275
8.788750
8.874325
8.922175
8.962225
9.005200
9.130375
9.438700
9.487325
9.606300
9.638700
9.662100
9.711750
9.782400
9.820200
9.965300
10.002550
10.075925
10.179450
10.210375
10.252025
10.305575
10.372200
10.405050
10.439700
10.465925
10.603450
10.644825
10.684875
10.753975
10.786025
10.806350
10.902275
10.942675
11.030275
11.127500
11.201175
11.248525
11.285050
11.335050
11.396875
11.422900
11.453550
11.507575
11.591475
11.664150
11.687700
11.805050
11.988825
12.053600
12.086450
12.128225
12.178350
12.309725
12.381750
12.416700
12.444025
12.506475
12.536625
12.582625
12.859875
12.935850
12.966300
13.003875
13.035950
13.055850
13.145650
13.195825
13.330725
13.373400
13.409100
13.530975
13.617375
13.638300
13.664300
13.703300
13.839725
13.939975
13.981175
14.017825
14.046825
14.070125
14.148850
14.176425
14.203850
14.368850
14.511175
14.573925
14.676650
14.807525
14.891750
15.149950
15.200350
15.258050
15.314050
15.342475
15.370400
15.394750
15.444225
15.481400
15.518850
15.619675
15.680400
15.734850
15.845025
15.994700
16.089800
16.274100
16.305525
16.392350
16.440700
16.481950
16.618775
16.688850
16.719775
16.788800
16.832600
16.852500
16.890325
16.917475
16.974075
17.325550
17.450650
17.482675
17.512775
17.605600
17.647425
17.726125
17.752050
17.796475
17.835175
17.987825
18.901850
19.060950
19.137775
19.247875
19.343875
19.428900
19.582425
19.623300
19.670650
19.906825
19.955525
20.131850
20.188800
20.289775
20.351775
20.398425
20.513075
20.562625
20.608650
20.698025
20.742525
20.775025
21.028350
21.184125
21.283100
21.347625
21.399875
21.528325
21.587600
21.607675
21.718050
21.838425
22.000275
22.114625
22.203550
22.417725
22.464500
22.530175
22.606250
22.710700
22.747475
22.836050
22.926550
23.069500
23.274775
23.327600
23.493975
23.629950
23.681725
23.729800
23.852525
23.952275
24.185625
24.258550
24.361000
24.421125
24.543975
24.569450
24.595675
24.632375
24.656800
24.701425
24.800825
24.882175
24.967975
25.079650
25.249425
25.558200
25.615900
25.781525
25.917650
25.989425
26.049775
26.226925
26.325550
26.401600
26.450425
26.509650
26.583000
26.844275
26.924725
27.074175
27.124075
27.150925
27.179175
27.218850
27.295225
27.342950
27.436450
27.502325
27.604500
27.622925
27.648850
27.678525
27.813950
27.908800
28.054650
28.108700
28.251675
28.292225
28.325025
28.353300
28.399850
28.436675
28.485525
28.518625
28.588475
28.636450
28.661450
28.705300
28.761950
28.785775
28.881000
28.905250
28.986900
29.027350
29.072625
29.119375
29.175050
29.193725
29.214750
29.311550
29.433975
29.456175
29.500950
29.561500
29.588700
29.617225
29.698525
29.746925
29.794500
29.925675
29.972825
30.012325
30.072125
30.089325
30.156875
30.186250
30.212975
30.299175
30.320175
30.526750
30.551775
30.656950
30.688450
30.708500
30.746950
30.822300
30.877850
31.023800
31.045200
31.142125
31.173300
31.204800
31.238325
31.351500
31.401300
31.449025
31.520750
31.555450
31.587125
31.705175
31.733050
31.760275
31.833275
31.863225
31.891600
31.939300
31.982275
32.091750
32.195400
32.302600
32.383075
32.514175
32.603525
32.657350
32.677250
32.698350
32.755400
32.889150
32.988450
33.052550
33.178700
33.412775
33.462050
33.503300
33.539775
33.635400
33.663850
33.721150
33.752075
33.791075
33.822275
33.889000
33.917225
33.951575
33.985475
34.035850
34.183775
34.219575
34.311750
34.361950
34.432575
34.469950
34.496050
34.612725
34.683375
34.719150
34.740250
34.793150
34.851225
34.879875
34.925725
34.955050
34.999625
35.093650
35.228700
35.285675
35.321800
35.338175
35.360600
35.400075
35.465000
35.507250
35.596550
35.683425
35.723875
35.751900
35.785800
35.804950
35.916125
35.944200
35.971925
36.085475
36.107475
36.179375
36.326475
36.364050
36.443675
36.516800
36.566125
36.610575
36.691075
36.729175
36.793525
36.828325
36.860950
36.910175
37.035425
37.125275
37.271275
37.302050
37.343000
37.446075
37.470150
37.489100
37.600725
37.637200
37.720625
37.750325
37.797100
37.820625
37.852600
37.925850
37.946400
38.061625
38.090250
38.174550
38.245300
38.295925
38.324175
38.368125
38.585425
38.639300
38.737700
38.960875
38.997575
39.058925
39.098950
39.145175
39.242225
39.288575
39.385625
39.434975
39.464350
39.587275
39.607925
39.638925
39.669850
39.692150
39.730550
39.764075
39.808550
39.901325
39.963125
40.036850
40.068400
40.157850
40.216500
40.272650
40.333500
40.369600
40.453450
40.520925
40.589850
40.613675
40.636175
40.877375
41.086475
41.113375
41.168150
41.212550
41.299125
41.475475
41.585300
41.680450
41.713250
41.875750
42.065825
42.097225
42.128550
42.153725
42.359925
42.481850
42.523675
42.568800
42.594475
42.749875
42.777975
42.798400
42.859800
43.182375
43.204650
43.231025
43.254625
43.318700
43.365000
43.404825
43.441575
43.466700
43.506425
43.524950
43.710625
43.734325
43.778875
43.819925
43.873000
43.944525
44.029150
44.150375
44.196125
44.259625
44.280450
44.382075
44.419225
44.467975
44.606400
44.638925
44.694650
44.723225
44.785700
44.831950
44.913425
45.073600
45.130200
45.212250
45.264950
45.287625
45.312950
45.491475
45.606025
45.646000
45.671650
45.707925
45.848050
45.977025
46.018425
46.080900
46.181525
46.265700
46.350750
46.410100
46.468275
46.498400
46.561225
46.597525
46.643000
46.719725
46.776350
46.815300
46.850850
46.937250
46.975025
47.020975
47.068050
47.123300
47.275425
47.320750
47.380050
47.503425
47.546950
47.651600
47.686625
47.859100
47.907900
48.045625
48.086325
48.130900
48.230550
48.273575
48.322775
48.406625
48.439800
48.542275
48.567200
48.621200
48.670000
48.704450
48.790600
48.867925
48.906800
49.169325
49.206675
49.353525
49.401700
49.442225
49.464300
49.497675
49.574100
49.589800
49.615775
49.640900
49.700825
49.881650
49.919300
49.956350
50.210650
50.546375
50.602400
50.652400
50.812025
50.851225
50.866850
51.157975
51.191425
51.223775
51.297900
51.334225
51.369350
51.432875
51.472125
51.666950
51.687700
51.783200
51.817900
51.894650
51.936525
51.968200
52.033400
52.050250
52.064400
52.114200
52.145275
52.164525
52.330450
52.364775
52.411075
52.432600
52.493975
52.541025
52.648275
52.785550
52.848125
52.965850
53.002525
53.052900
53.083200
53.136975
53.176700
53.253975
53.407300
53.443825
53.596175
53.627000
53.732625
53.768000
53.806000
53.887300
53.961625
53.999450
54.111800
54.187900
54.220775
54.284775
54.336375
54.402850
54.550175
54.619675
54.652800
54.727625
54.746950
54.761950
54.857650
55.006650
55.031850
55.098200
55.153600
55.283850
55.568675
55.592450
55.686250
55.813750
55.882675
55.993100
56.070025
56.380050
56.416425
56.487775
56.531850
56.560375
56.859575
57.067550
57.155525
57.248800
57.290400
57.355800
57.393575
57.423700
57.570125
57.689575
57.773825
57.946775
57.976700
58.015775
58.080175
58.117000
58.259825
58.291500
58.316925
58.395550
58.436700
58.477625
58.551675
58.585125
58.620275
58.638400
58.760125
58.792800
58.825150
58.873175
58.962575
58.983475
59.162775
59.474650
59.576725
59.687475
59.737125
59.847575
59.957075
60.062750
60.158875
60.265125
60.331225
60.360850
60.377425
60.403450
60.454275
60.487775
60.524675
60.603925
60.678550
60.707225
60.813400
60.860625
60.902250
60.927300
60.962175
61.007825
61.071550
61.208475
61.233900
61.311325
61.349400
61.407025
61.451550
61.490125
61.549700
61.580500
61.680175
61.730350
61.854725
61.907700
61.943125
61.970725
62.000350
62.232600
62.261900
62.291375
62.318750
62.365675
62.483500
62.560525
62.716550
62.769325
62.930425
63.030475
63.089575
63.130825
63.160575
63.192550
63.222300
63.257250
63.372850
63.408100
63.535300
63.633000
63.677450
63.724050
63.828500
64.007875
64.057000
64.160975
64.295225
64.333350
64.410150
64.611725
64.685700
64.728325
64.755300
64.769775
64.816600
64.843425
64.868650
65.040275
65.067550
65.117400
65.202150
65.249175
65.340700
65.508425
65.543800
65.574650
65.626600
65.648475
65.735225
65.769125
65.818800
65.879400
65.940225
66.127675
66.169200
66.323575
66.351675
66.482400
66.565650
66.616550
66.734100
66.752300
66.962050
66.994900
67.090575
67.137050
67.193575
67.232450
67.284375
67.360750
67.439150
67.494400
67.605150
67.638550
67.706625
67.766150
67.818600
67.867550
68.005600
68.037950
68.238675
68.378425
68.577875
68.607075
68.750825
68.876400
69.106450
69.249975
69.311400
69.339450
69.470400
69.630525
69.655075
69.777425
69.818850
69.844500
69.921750
70.043000
70.092000
70.242250
70.294050
70.368475
70.394625
70.822400
71.109075
71.223425
71.281175
71.364475
71.440875
71.659600
71.782225
71.943100
72.219775
72.305800
72.367900
72.410900
72.489975
72.573125
72.637750
72.742500
72.799125
72.827250
72.884050
73.137875
73.300575
73.358400
73.469550
73.823675
73.874875
73.909350
73.966400
74.010100
74.040700
74.062450
74.157825
74.201800
74.267975
74.315250
74.366500
74.417725
74.673600
74.779450
74.815925
74.860475
75.092825
75.185550
75.263625
75.389500
75.571350
75.638775
75.720375
75.854050
75.929950
76.036025
76.096075
76.144600
76.220925
76.267300
76.295225
76.324075
76.558050
76.665300
76.805150
76.860600
76.993675
77.101450
77.152925
77.196600
77.429650
77.483325
77.503275
77.551175
77.581950
77.627150
77.772250
77.805350
77.866550
77.960850
78.016450
78.130925
78.196575
78.413800
78.490875
78.507400
78.578125
78.597850
78.697975
78.728050
78.753800
78.777950
78.863675
78.930650
78.987225
79.041450
79.074500
79.178100
79.225700
79.299950
79.321825
79.339425
79.431150
79.511250
79.604175
79.643375
79.666550
79.723550
79.928875
79.962550
79.992025
80.078300
80.282025
80.355925
80.375275
80.401075
80.439700
80.466325
80.494100
80.583875
80.636975
80.652050
80.767000
80.858550
80.917750
81.001400
81.084000
81.111475
81.158500
81.253325
81.278550
81.376550
81.486950
81.513725
81.650225
81.684950
81.721125
81.786875
81.855225
81.971675
82.131625
82.160875
82.197750
82.248650
82.328675
82.351475
82.411025
82.562525
82.691000
82.768275
82.804675
82.869600
82.904750
82.940025
82.992750
83.049975
83.113275
83.161050
83.218775
83.392950
83.466425
83.553075
83.574650
83.609125
83.706500
83.930575
83.966900
83.993950
84.067400
84.104950
84.192025
84.283825
84.323150
84.496525
84.599100
84.661525
84.781425
84.823325
84.851975
84.891125
84.928800
84.961525
85.073675
85.115400
85.213950
85.319700
85.371575
85.407050
85.441550
85.492125
85.593700
85.672700
85.696925
85.842000
85.910475
85.983725
86.009550
86.145425
86.323150
86.347275
86.449200
86.468875
86.508575
86.551300
86.624200
86.686150
86.719650
86.762350
86.798600
86.874675
86.947550
87.135075
87.158575
87.201875
87.233750
87.263800
87.332900
87.413350
87.499150
87.568575
87.590625
87.627400
87.707500
87.826525
88.074950
88.098400
88.178775
88.208675
88.235950
88.396650
88.417450
88.489750
88.586600
88.627100
88.807325
88.902925
88.992875
89.031975
89.055850
89.079200
89.119000
89.156600
89.204425
89.272700
89.366600
89.390100
89.528500
89.562475
89.585350
89.621450
89.653900
89.726325
89.780650
89.829850
89.940350
89.974925
89.995800
90.058450
90.211650
90.243025
90.291650
90.427600
90.507300
90.657800
90.717200
90.743025
90.891850
91.051675
91.085300
91.127725
91.179675
91.251700
91.271875
91.306725
91.321900
91.345150
91.479250
91.630575
91.691050
91.804700
91.832350
91.990350
92.080900
92.191350
92.245725
92.346500
92.392000
92.412800
92.512400
92.554275
92.624025
92.706925
92.721675
92.837925
92.868775
92.980700
93.007075
93.086025
93.196650
93.252950
93.319375
93.399750
93.428700
93.544450
93.613250
93.641725
93.699700
93.726575
93.767975
93.789525
93.933625
93.970500
94.029975
94.060900
94.153925
94.306175
94.398400
94.411150
94.439725
94.539650
94.578950
94.711350
94.776050
94.850025
94.926725
95.103550
95.147675
95.190200
95.215725
95.255100
95.289350
95.374150
95.444800
95.480300
95.519650
95.635550
95.822450
95.893525
95.917050
95.985425
96.016475
96.093000
96.182525
96.224800
96.257075
96.374350
96.406325
96.453825
96.495625
96.632900
96.778475
96.810150
96.888950
96.950175
97.006900
97.192400
97.257650
97.283200
97.346075
97.386875
97.570200
97.786125
97.853650
98.008550
98.075175
98.204800
98.254825
98.284775
98.326550
98.377900
98.419250
98.494650
98.526175
98.560950
98.576900
98.726825
98.753725
98.808200
98.913425
98.961950
99.137300
99.156325
99.181875
99.220475
99.256500
99.299775
99.492525
99.550025
99.698275
99.800550
99.830575
99.854025
99.984225
100.033050
100.078350
100.115925
100.146300
100.362200
100.441125
100.623800
100.693100
100.808275
100.844650
100.873050
100.903250
100.942925
101.001950
101.057000
101.128250
101.156075
101.344600
101.373775
101.465250
101.496700
101.576900
101.675375
101.755075
101.930100
102.025100
102.053650
102.111875
102.154525
102.258200
102.332500
102.360925
102.526850
102.556600
102.575975
102.601200
102.622300
102.699150
102.725475
102.852975
102.953425
103.004600
103.043450
103.135200
103.240675
103.326400
103.494200
103.565575
103.711650
103.790725
103.810625
103.916400
103.947900
104.000075
104.042225
104.076475
104.252550
104.316600
104.352025
104.396950
104.419925
104.449850
104.524700
104.695475
104.715500
104.743950
104.881925
104.962925
104.993500
105.053775
105.077825
105.109100
105.127225
105.296125
105.362325
105.433700
105.489575
105.587800
105.677075
105.768925
105.915500
106.039550
106.135425
106.209400
106.334850
106.440450
106.586050
106.692200
106.726650
106.767775
106.901750
106.943700
107.065600
107.113350
107.125075
107.185800
107.287975
107.315475
107.456525
107.510225
107.552475
107.576225
107.655450
107.688825
107.712950
107.742875
107.885150
108.033675
108.092250
108.159000
108.208075
108.296450
108.337800
108.370625
108.426800
108.464725
108.520625
108.610825
108.638900
108.733975
108.762325
108.812300
108.960150
108.998225
109.067125
109.101300
109.146350
109.198100
109.229575
109.287525
109.331425
109.367575
109.467000
109.516500
109.554025
109.662125
109.783975
109.838275
109.875900
109.968450
110.011875
110.076600
110.165400
110.202650
110.238325
110.295150
110.334525
110.394625
110.432075
110.464975
110.505700
110.549150
110.593175
110.638950
110.802675
110.873150
110.910200
111.006100
111.097050
111.158625
111.192375
111.225175
111.246875
111.465775
111.491350
111.509250
111.577675
111.602800
111.753725
111.857800
111.903025
111.960975
112.022250
112.184400
112.287150
112.336575
112.372100
112.416350
112.466500
112.536850
112.614600
112.707925
112.740700
112.874275
112.918200
112.983350
113.054850
113.217950
113.320900
113.363350
113.392100
113.461075
113.592525
113.730500
113.786675
113.960225
113.986625
114.156275
114.210800
114.364750
114.400525
114.433775
114.460325
114.502425
114.531800
114.550250
114.611475
114.638500
114.741625
114.815700
114.873450
114.956975
114.986725
115.066300
115.082425
115.186650
115.226125
115.249800
115.344600
115.378625
115.415550
115.586050
115.613900
115.673050
115.710925
115.833500
115.869725
115.983850
116.097675
116.147600
116.181425
116.281300
116.302175
116.443850
116.646775
116.768875
116.798850
116.830025
116.903900
116.934050
117.010825
117.060700
117.086400
117.153325
117.273850
117.353650
117.387375
117.437775
117.598750
117.647825
117.842350
117.934475
118.050000
118.198925
118.369450
118.585975
118.637425
118.782550
119.387775
119.776450
119.976825
120.060800
120.178275
120.301875
120.566725
120.629375
120.702550
120.845800
120.887850
120.993575
121.036775
121.323150
121.357200
121.658650
121.887375
121.931600
122.016475
122.197025
122.268800
122.316075
122.725500
122.841475
123.045250
123.123950
123.270150
123.329700
123.511350
123.672600
123.729350
123.817950
123.845625
123.931625
124.098300
124.340300
124.389550
124.416875
124.491175
124.608025
124.701575
124.785800
124.979150
125.017350
125.140725
125.261600
125.294625
125.466825
125.534150
125.599750
125.712200
125.727350
125.825850
125.946925
125.988925
126.045650
126.104075
126.323250
126.427825
126.512800
126.639400
126.664875
126.802975
126.874275
126.941350
127.004900
127.038675
127.138950
127.199300
127.246900
127.335900
127.365175
127.555125
127.592100
127.645175
127.664300
127.811325
127.955300
128.074525
128.093150
128.119975
128.168550
128.193975
128.228425
128.257575
128.296750
128.322675
128.343825
128.404025
128.448950
128.512175
128.564550
128.608900
128.725975
128.802625
128.865825
128.934700
129.012900
129.069650
129.110125
129.158050
129.190500
129.215675
129.251650
129.371800
129.391275
129.482225
129.509775
129.585100
129.661375
129.775675
129.877475
129.928050
130.073225
130.092900
130.121700
130.295100
130.328975
130.418725
130.672100
130.743275
130.883275
130.916175
130.958650
131.006275
131.107625
131.324175
131.437550
131.556200
131.586600
131.620600
131.647700
131.677800
131.767550
131.846500
131.892600
132.015975
132.125925
132.207400
132.226475
132.308175
132.363750
132.511825
132.541850
132.609950
132.758750
132.791150
132.837425
133.016900
133.190325
133.230275
133.281650
133.405175
133.440300
133.738650
133.776750
133.800225
133.882125
134.000750
134.068275
134.102375
134.213525
134.357600
134.401200
134.520000
134.598325
134.653175
134.698650
134.741125
134.760575
134.814500
134.884175
134.979300
135.106325
135.136525
135.190025
135.231800
135.331625
135.380500
135.423250
135.477625
135.652100
135.670400
135.751750
135.914800
136.113600
136.247000
136.278850
136.320650
136.399175
136.613825
136.760750
136.802100
136.923075
136.947950
136.962300
137.044200
137.208100
137.289900
137.312650
137.485600
137.563150
137.633350
137.776775
137.824175
137.869900
137.891000
137.939700
137.975225
138.057775
138.155200
138.250675
138.284875
138.343000
138.520050
138.638375
138.667425
138.714625
138.776075
138.824125
138.867250
138.899800
139.017075
139.125075
139.214875
139.239975
139.264900
139.299400
139.337700
139.567950
139.588700
140.053600
140.076825
140.130575
140.217425
140.334250
140.400450
140.613575
140.741525
140.870550
140.961300
141.116125
141.204375
141.345850
141.374750
141.455900
141.500075
141.528275
141.542025
141.803850
141.863125
142.011250
142.067025
142.304575
142.356500
142.454500
142.702825
142.857125
142.887850
142.940600
143.044575
143.067450
143.122275
143.145975
143.421925
143.614325
143.728625
143.860225
144.111975
144.540400
144.561050
144.594175
144.677900
144.709475
144.798800
144.837425
144.901150
144.941800
145.342075
145.365625
145.416150
145.517000
145.541275
145.716575
145.751025
145.995200
146.087600
146.120725
146.192925
146.260600
146.337725
146.463650
146.640625
146.685775
146.712475
146.802875
146.842100
146.884275
146.915700
146.944775
146.984775
147.012075
147.079475
147.109650
147.276425
147.360475
147.429725
147.634350
147.720050
147.752725
147.797850
147.812675
147.890575
147.935475
147.985500
148.198200
148.235150
148.285450
148.313400
148.384500
148.417125
148.433575
148.482625
148.605400
148.729775
148.769650
148.822675
148.875275
148.902775
148.993150
149.140500
149.162750
149.227575
149.302850
149.328200
149.416400
149.482700
149.546000
149.571925
149.595250
149.675925
149.762225
149.784250
149.820275
149.841550
149.934475
149.951825
150.008650
150.154825
150.424025
150.588225
150.722925
150.896350
150.921950
150.952150
150.980550
151.012850
151.088875
151.371475
151.524300
151.592725
151.676600
151.749275
151.776075
151.831175
151.857800
151.913850
152.006350
152.152100
152.370900
152.406650
152.520375
152.537775
152.551900
152.781075
152.810675
152.954700
152.991875
153.049725
153.246975
153.346900
153.375975
153.417375
153.758400
153.822150
153.927575
153.998650
154.263950
154.294675
154.401000
154.423825
154.471225
154.627950
154.682875
154.809375
154.821275
154.835325
155.002675
155.054325
155.225100
155.334275
155.461300
155.565075
155.608750
155.642325
155.864000
155.946175
156.079425
156.114125
156.200450
156.336725
156.369600
156.502600
156.557400
156.648125
156.709225
156.758875
156.841800
156.919375
156.960100
157.003675
157.045450
157.081825
157.183400
157.217050
157.273525
157.297500
157.328975
157.638100
157.670775
157.811250
157.962000
158.062300
158.103100
158.262925
158.391100
158.460325
158.506825
158.647250
158.798050
158.821875
158.868775
158.908550
158.966725
159.163475
159.243050
159.287200
159.394725
159.438200
159.612900
159.684175
159.711450
159.899900
160.075500
160.157875
160.205225
160.506875
160.639025
160.695625
160.728675
160.827150
160.868100
160.913825
160.951400
161.009175
161.211950
161.400225
161.491800
161.546950
161.653800
161.711025
161.845225
162.025350
162.059125
162.188075
162.220775
162.262150
162.288350
162.345100
162.372650
162.456375
162.525575
162.565800
162.758150
162.827025
162.846300
162.868550
162.929100
163.007150
163.092450
163.127875
163.140950
163.160925
163.251500
163.340725
163.449050
163.682350
163.716550
163.748600
163.836450
163.860750
163.887425
164.099350
164.248400
164.281875
164.301175
164.461700
164.612625
164.674475
164.797125
164.844300
164.912025
164.938775
164.973775
165.033675
165.109475
165.356025
165.444625
165.526275
165.547450
165.618175
165.650950
165.680050
165.809300
166.096100
166.192825
166.242825
166.394125
166.564150
166.721875
166.781850
166.806150
166.851625
166.912425
167.046725
167.198075
167.229650
167.329600
167.385325
167.416250
167.479100
167.648925
167.683650
167.724700
167.763350
167.784025
167.838475
167.956500
168.030450
168.071725
168.254900
168.873550
169.212150
169.232750
169.259425
169.300350
169.772650
169.885225
170.066675
170.257250
170.326200
170.609200
170.735600
170.841825
170.940625
171.246450
171.282675
171.396725
171.499300
171.621175
171.918950
172.196650
172.268800
172.342225
172.543000
172.598200
172.708550
172.912575
173.149200
173.241875
173.308700
173.410650
173.580700
173.656175
173.704875
173.821550
174.119875
174.279575
174.323750
174.352725
174.405400
174.577400
174.759425
174.814250
174.847800
174.915825
174.959275
175.020125
175.057575
175.156450
175.220025
175.248050
175.416775
175.470450
175.527375
175.581725
175.622725
175.668450
175.686050
175.727500
175.839125
175.905750
175.935475
175.974600
176.270225
176.304825
176.336100
176.420950
176.484650
176.524150
176.593650
176.648575
176.725525
176.797075
176.914275
177.025850
177.120725
177.181775
177.264925
177.406850
177.440625
177.476550
177.516650
177.635550
177.775525
177.807925
177.881200
177.935975
178.021725
178.067525
178.106500
178.134650
178.180325
178.202900
178.330925
178.379200
178.586950
178.624475
178.646300
178.683300
178.828950
178.861300
178.937550
179.042850
179.097075
179.180850
179.214000
179.315775
179.352275
179.382775
179.491425
179.546375
179.583075
179.780875
179.920125
179.985825
180.070275
180.100400
180.307000
180.330300
180.358100
180.388150
180.452575
180.524050
180.558375
180.641675
180.750600
180.889000
180.966325
181.000550
181.114875
181.169925
181.272350
181.373325
181.410325
181.459825
181.540900
181.682425
181.797775
181.849200
181.889975
181.929450
181.967000
181.995775
182.027950
182.113425
182.305075
182.334625
182.390475
182.477225
182.522600
182.640475
182.804050
182.897100
183.094675
183.162050
183.273650
183.292600
183.379400
183.526800
183.615075
183.654925
183.672425
183.768375
183.806700
183.985975
184.339050
184.410100
184.459050
184.536775
184.591925
184.658825
184.689900
184.715500
184.834275
184.940850
184.996200
185.122675
185.156300
185.180950
185.205150
185.231475
185.268575
185.408200
185.421475
185.538600
185.720150
185.758075
185.794950
185.837375
185.861100
185.925750
186.322125
186.415450
186.455275
186.574400
186.647500
186.669800
186.847675
187.003650
187.029575
187.059800
187.115325
187.214750
187.272225
187.472350
187.645500
187.721825
187.755200
187.865650
187.897075
187.990775
188.050600
188.075475
188.221525
188.267525
188.369525
188.447500
188.490650
188.533950
188.695500
188.719125
188.777300
188.830575
188.869875
189.137600
189.302775
189.336600
189.398925
189.533850
189.651575
189.728350
189.775200
189.815825
189.867550
189.936050
189.986500
190.051075
190.106950
190.369425
190.457925
190.518550
190.601650
190.707375
190.783475
190.829400
190.876475
191.030950
191.213525
191.249875
191.421650
191.457875
191.587300
191.608500
191.670050
191.750275
191.902375
192.029950
192.074100
192.140150
192.171650
192.203825
192.240425
192.267775
192.398100
192.475075
192.557875
192.608825
192.657975
192.697200
192.913550
193.014925
193.038750
193.084050
193.109675
193.186825
193.219425
193.284625
193.370450
193.421425
193.505975
193.759700
194.051175
194.076450
194.114050
194.211225
194.270950
194.368475
194.452500
194.477100
194.654550
194.762350
194.804625
194.874725
194.901650
194.948800
195.126400
195.175950
195.279775
195.470825
195.583175
195.679200
195.710600
195.869625
195.908825
196.056150
196.087350
196.105550
196.131475
196.205700
196.348400
196.406875
196.429575
196.501275
196.537875
196.584075
196.660675
196.739375
196.781125
196.923300
197.057950
197.222725
197.291075
197.367675
197.416150
197.718475
197.752275
197.870600
197.952050
198.041250
198.062450
198.129950
198.289225
198.321200
198.372075
198.448625
198.535200
198.735425
198.816450
198.838200
198.926325
199.073325
199.098075
199.259675
199.463950
199.539625
199.589750
199.655500
199.685750
199.794475
199.890950
199.998375
200.136675
200.188775
200.306075
200.364375
200.407225
200.484700
200.601575
200.630075
200.653625
200.748275
200.801200
200.966925
201.013725
201.098750
201.301825
201.468550
201.574025
201.651000
201.690550
201.735550
201.973275
202.002925
202.039525
202.097475
202.128600
202.166350
202.239075
202.276700
202.334275
202.416000
202.443975
202.549675
202.631075
202.822475
202.924900
203.033475
203.155050
203.228425
203.317625
203.354575
203.375100
203.419000
203.448525
203.537700
203.638125
203.788525
203.930725
203.986200
204.011925
204.098025
204.156775
204.188000
204.247975
204.702250
204.765150
204.795600
204.821150
204.932725
204.994000
205.062300
205.169400
205.195875
205.253225
205.481175
205.561150
205.590050
205.950800
206.035325
206.059750
206.124900
206.149750
206.263375
206.542425
206.585575
206.629925
206.675200
206.742025
206.819400
206.878000
206.909325
206.998025
207.198625
207.298775
207.321175
207.463900
207.552125
207.623000
207.690225
207.806550
208.276175
208.317550
208.349050
208.506325
208.661825
208.732850
208.780775
208.903625
208.983750
209.021500
209.068800
209.082500
209.219475
209.282700
209.491550
209.504725
209.549925
209.581150
209.634975
209.684425
209.727075
209.841175
209.871850
210.057150
210.100025
210.122025
210.153100
210.219425
210.257850
210.298150
210.393050
210.441500
210.468450
210.789500
210.829525
210.873225
210.946200
211.046850
211.090250
211.123325
211.210625
211.450775
211.501475
211.691475
211.726875
211.770000
211.950250
211.994300
212.090900
212.153925
212.209175
212.255350
212.300725
212.540500
213.198250
213.242825
213.295025
213.365725
213.451800
213.520525
213.694400
213.908675
213.994425
214.048950
214.073175
214.130300
214.344350
214.511050
214.544475
214.584375
214.640225
214.685650
214.716375
214.870150
214.895050
214.932075
215.087050
215.172300
215.288575
215.363950
215.579350
215.615325
215.846425
215.900750
216.010100
216.096000
216.159250
216.338050
216.447400
216.543775
216.608825
216.646225
216.689950
216.737550
216.784300
216.862675
216.928275
217.027625
217.165475
217.222575
217.262875
217.300975
217.356050
217.396325
217.420550
217.456250
217.956475
218.256000
218.405325
218.551650
218.659275
219.116225
219.190250
219.471125
219.635475
219.743000
219.782650
219.832700
219.995325
220.034625
220.227225
220.387750
220.448475
220.635325
220.735800
220.759600
220.791825
221.021175
221.183650
221.243300
221.482075
221.778775
221.822950
222.146725
222.262175
222.677100
222.778725
222.869900
222.971700
223.124775
223.244675
223.278975
223.346275
223.587050
223.733725
223.860525
223.955650
224.015175
224.116700
224.152550
224.192000
224.225700
224.274475
224.301800
224.362050
224.692125
224.741475
224.882775
224.919500
224.945275
225.031400
225.098950
225.327675
225.399575
225.539700
225.704575
225.829475
225.865075
225.925450
225.992150
226.040400
226.131350
226.253550
226.349475
226.445700
226.485275
226.574175
226.610275
226.649675
226.717325
226.817325
227.269650
227.346975
227.410825
227.492075
227.572450
227.633350
227.682950
227.964925
228.104150
228.128800
228.162125
228.176400
228.198750
228.248650
228.465050
228.497175
228.525150
228.666250
228.701050
228.757825
228.782200
228.838625
228.898125
228.969775
229.043950
229.181475
229.207600
229.482775
229.654000
229.683925
229.795675
229.887525
229.927575
229.957875
229.976850
230.053075
230.101550
230.165000
230.276775
230.310600
230.335725
230.376675
230.468775
230.525475
230.552375
230.650775
230.695250
230.717900
230.809500
230.863450
230.893150
230.982925
231.072000
231.101375
231.242050
231.273200
231.403300
231.681125
231.733075
231.771825
231.887825
231.945275
232.047600
232.066475
232.125225
232.156925
232.252100
232.362550
232.398125
232.433375
232.614100
232.662200
232.794025
232.863725
233.086825
233.186625
233.447850
233.560425
233.733575
233.892950
233.920525
233.955175
233.976225
234.044150
234.077700
234.158525
234.293050
234.333100
234.367600
234.438900
234.521100
234.587475
234.619025
234.744400
234.766100
234.865075
235.014825
235.057225
235.126200
235.162100
235.211900
235.230750
235.257825
235.550225
235.571225
235.665850
235.898300
236.077450
236.154725
236.215600
236.340500
236.379600
236.407850
236.424475
236.471950
236.580525
236.642650
236.803025
237.029950
237.063500
237.102875
237.144750
237.248975
237.338650
237.461900
237.728825
237.816950
237.833975
237.975300
238.028700
238.119575
238.148850
238.337200
238.374475
238.500300
238.572725
238.812625
238.906150
239.014800
239.050550
239.082700
239.112125
239.219825
239.249675
239.296600
239.326700
239.610875
239.664325
239.730650
239.805175
239.856675
239.956875
239.999850
240.195600
240.239300
240.372075
240.398150
240.422250
240.650275
240.675775
240.858675
240.960650
241.090875
241.368800
241.477375
241.774975
241.863975
241.910450
242.089975
242.210950
242.300225
242.338300
242.367625
242.416150
242.446100
242.499150
242.525250
242.549200
242.592500
242.681500
242.735575
242.797275
242.845200
242.887475
242.976800
243.185325
243.366825
243.466175
243.490100
243.511650
243.578050
243.667700
243.772475
243.791100
243.918325
244.012600
244.658250
244.681925
244.714600
244.750425
244.877550
244.908300
245.240900
245.306750
245.359475
245.453800
245.541600
245.704850
245.855475
245.901000
246.030650
246.166300
246.445575
246.469125
246.520225
246.623300
246.670225
246.710100
246.766550
246.924050
246.977850
247.047100
247.085300
247.116025
247.411225
247.463375
247.533450
247.555850
247.603675
247.688900
247.740500
247.913600
247.936450
247.955800
247.977625
248.102950
248.127225
248.168475
248.197875
248.260350
248.284675
248.341775
248.391875
248.469575
248.589475
248.634450
248.947825
249.056075
249.266600
249.357450
249.420075
249.449450
249.510825
249.547550
249.656375
249.712650
249.833650
249.889750
249.918675
250.014200
250.029400
250.177350
250.305325
250.427675
250.504525
250.661450
250.870325
250.911500
250.925525
250.943325
251.008875
251.197750
251.253200
251.350975
251.456000
251.507525
251.534850
251.586825
251.627000
251.771175
251.866525
251.913075
252.034400
252.076900
252.178925
252.340900
252.418225
252.487300
252.684000
252.741275
252.860400
252.905250
253.055525
253.109500
253.134175
253.172250
253.231600
253.300900
253.374225
253.436775
253.470675
253.633000
253.650225
253.748025
253.766950
253.836450
253.858375
253.888150
254.090400
254.146150
254.213775
254.465675
254.569450
254.618550
254.648750
254.746425
254.875000
255.004675
255.119025
255.250725
255.293925
255.349050
255.442625
255.555650
255.583575
255.604775
255.670350
255.794275
255.912975
255.966800
256.017100
256.052125
256.103100
256.126950
256.165750
256.232000
256.298625
256.329800
256.435225
256.615050
257.170675
257.260525
257.289175
257.358875
257.384400
257.402725
257.562800
257.614625
257.639575
257.667075
257.740100
257.796350
257.882300
257.902925
257.980150
258.008750
258.073975
258.259800
258.292875
258.350325
258.418600
258.477625
258.636575
258.654825
258.697425
258.752825
258.778150
259.148400
259.212200
259.232250
259.271500
259.299025
259.360250
259.400800
259.457750
259.520250
259.585450
259.669450
259.895425
259.995900
260.042075
260.188175
260.322025
260.614225
260.659425
260.694850
260.716175
260.805100
261.057925
261.108375
261.172375
261.213650
261.313325
261.336675
261.499450
261.535900
261.572800
261.605750
261.627800
261.750475
261.799250
262.042275
262.092300
262.216125
262.370175
262.391250
262.471675
262.646050
262.799950
262.902875
263.057900
263.115275
263.154500
263.180175
263.308500
263.349450
263.396925
263.454925
263.527350
263.627350
263.780675
263.962900
264.093325
264.174150
264.289425
264.424100
264.479125
264.593000
264.726550
264.741000
264.776225
264.805575
264.833350
265.027325
265.093500
265.153900
265.366500
265.551875
265.636175
265.721000
265.790950
265.917425
266.094875
266.224525
266.293300
266.383525
266.531450
266.670300
266.708475
266.784725
266.807025
266.844625
266.861725
266.900525
267.216825
267.279000
267.373400
267.429675
267.461250
267.506650
267.541350
267.570300
267.645575
267.713825
267.807450
267.884825
267.944000
267.987650
268.383875
268.537000
268.824400
268.928075
268.989050
269.232550
269.275900
269.360725
269.581275
269.969600
270.878775
271.595225
271.762050
271.927800
271.999600
272.081100
272.224825
272.650925
272.678675
272.728625
272.803750
273.012050
273.126350
273.155725
273.478300
273.531125
273.573650
273.685375
273.749675
274.338725
274.602650
274.703325
274.792350
274.860600
274.983100
275.066925
275.156850
275.342700
275.536725
275.607725
275.682175
275.704900
276.002125
276.059000
276.146450
276.170125
276.265375
276.415825
276.468775
276.667750
276.732775
276.759875
276.823225
276.865450
276.912675
277.142925
277.226075
277.311000
277.407100
277.559650
277.604650
277.723275
277.753425
277.796150
277.884725
277.933725
277.982175
278.025750
278.079475
278.141200
278.170575
278.211575
278.285775
278.309925
278.398000
278.422225
278.450675
278.490725
278.507575
278.542500
278.683225
278.758800
278.801850
278.920825
278.988825
279.094250
279.125725
279.259875
279.283925
279.327025
279.440800
279.470600
279.541800
279.636300
279.684350
279.769275
279.821850
279.861125
279.905125
279.957125
280.043000
280.199425
280.228700
280.357550
280.453925
280.500175
280.552350
280.591975
280.619925
280.748775
280.814400
280.852450
280.999925
281.105075
281.221925
281.582225
281.601475
281.794350
281.841850
281.879675
281.899925
281.949950
281.997450
282.028300
282.054025
282.114925
282.162875
282.236725
282.363425
282.387850
282.474350
282.531750
282.685825
282.712775
282.753425
282.810225
282.908525
282.999950
283.325025
283.456275
283.721200
283.795100
283.867725
283.898900
283.961525
284.076800
284.096200
284.149650
284.156775
284.371050
284.408975
284.424250
284.476350
284.515075
284.592850
284.676850
284.785500
284.857150
284.909075
284.986025
285.126100
285.296250
285.364125
285.464925
285.577875
285.708075
285.881375
285.937425
285.965475
286.012425
286.031100
286.160200
286.243450
286.338850
286.450400
286.487100
286.569300
286.682750
286.756250
286.784225
286.844050
286.904700
286.943125
287.020125
287.104050
287.143425
287.270550
287.389375
287.461550
287.505125
287.605500
287.655600
287.729225
287.761475
287.800875
287.839875
287.877450
287.928925
287.968700
288.277550
288.312650
288.475000
288.508750
288.593400
288.630800
288.665225
288.692100
288.885850
288.914550
288.939875
288.965225
289.069725
289.156750
289.225700
289.329275
289.355250
289.405075
289.429225
289.616975
289.690425
289.794375
289.837825
289.945400
290.074500
290.128275
290.180000
290.307150
290.359325
290.496450
290.533150
290.604725
290.712050
290.802500
290.860200
290.894925
290.924775
290.936325
291.001025
291.160825
291.267950
291.320125
291.408775
291.465275
291.485500
291.629450
291.645750
291.849500
291.957700
292.071625
292.116825
292.441100
292.509925
292.665975
292.734075
292.824350
292.850650
292.890625
292.972325
293.020450
293.052125
293.093050
293.334300
293.479900
293.707425
293.736800
293.780100
293.821075
294.105825
294.148975
294.191700
294.217500
294.283400
294.301900
294.381800
294.430875
294.564925
294.599700
294.672325
294.765750
294.826550
294.975650
295.051900
295.110650
295.130625
295.255075
295.292350
295.518625
295.539700
295.600050
295.622875
295.770725
296.376050
296.438275
296.471650
296.637650
296.777250
296.884200
297.136375
297.212975
297.311750
297.452500
297.504200
297.668700
297.722700
297.797250
297.818975
297.865350
297.910775
298.000950
298.046950
298.069175
298.207100
298.272725
298.289975
298.424550
298.530750
298.830925
298.933100
299.020275
299.634225
299.707250
299.749625
299.960200
300.013850
300.069525
300.105825
300.229225
300.295650
300.359700
300.447650
300.493275
300.735825
300.785900
300.888525
300.989375
301.108475
301.133750
301.206400
301.248825
301.414925
301.425625
301.440925
301.660025
301.759200
301.829975
301.865575
302.044125
302.161250
302.235875
302.811150
302.827650
303.051700
303.092775
303.129150
303.170550
303.242300
303.286825
303.315250
303.375475
303.474500
303.520025
303.593075
303.652275
303.763150
303.812275
303.850850
303.876975
303.928525
303.967475
304.046975
304.301275
304.333600
304.363525
304.470625
304.502800
304.591275
304.656675
304.729775
304.746350
304.796475
304.961600
304.998775
305.041300
305.098150
305.120975
305.141325
305.333925
305.394025
305.428300
305.575825
305.630325
305.730625
305.924925
305.983800
306.003450
306.088375
306.206950
306.246850
306.288325
306.337500
306.403300
306.501000
306.529325
306.647075
306.700975
306.750600
306.809000
306.926400
306.952300
306.986300
307.060050
307.109300
307.177100
307.218425
307.259750
307.285900
307.358000
307.410250
307.550600
307.622350
307.681650
307.721725
307.745025
307.825100
307.847425
307.938450
307.973575
308.065675
308.265400
308.299950
308.329350
308.433750
308.472725
308.817200
308.869825
308.969600
309.009225
309.028300
309.060800
309.210650
309.325725
309.459250
309.483175
309.521475
309.645875
309.777350
309.835900
309.944575
309.984125
310.080300
310.153600
310.182225
310.243200
310.283025
310.370375
310.474825
310.524275
310.620250
310.788875
310.872525
310.887075
310.903300
311.174925
311.235175
311.532725
311.599750
311.694575
311.810450
311.954225
312.075150
312.195450
312.230625
312.426200
312.469475
312.519475
312.562300
312.603475
312.713225
312.793325
312.824875
312.958125
313.004475
313.122475
313.228125
313.361450
313.648950
313.749950
313.892375
313.921825
313.954200
314.011050
314.056675
314.089975
314.454225
314.484350
314.569925
314.715350
314.814775
314.925275
315.034625
315.147075
315.268775
315.308125
315.473525
315.532475
315.555125
315.623000
315.653150
315.687050
315.777500
315.891975
315.968650
316.002425
316.030875
316.159525
316.277975
316.387150
316.445950
316.611450
316.793750
316.905700
316.943625
317.243925
317.298175
317.322200
317.417525
317.447650
317.516525
317.585100
317.604100
317.686575
317.723025
317.867025
317.966950
318.056925
318.402975
318.579050
318.904275
318.973875
319.175500
319.327100
319.648700
319.843625
320.194650
320.330875
320.502425
320.697475
320.772275
320.808675
320.848125
321.609325
321.989100
322.038950
322.185475
322.520825
322.743650
323.087625
323.136625
323.189625
323.243875
323.452050
323.544475
323.631100
323.647600
323.686575
323.709850
323.926650
324.112175
324.167575
324.230525
324.350300
324.453950
324.663700
324.688575
324.753550
324.950100
325.054975
325.137825
325.190500
325.229375
325.338800
325.609300
325.687275
325.793150
325.934725
326.000325
326.125750
326.226650
326.328225
326.354850
326.382100
326.436025
326.480675
326.564825
326.768675
326.839000
326.871525
326.956750
327.029525
327.057575
327.134875
327.219775
327.329525
327.365450
327.389375
327.460150
327.481175
327.515125
327.547875
327.752750
327.797775
327.867175
327.997750
328.087950
328.116700
328.142550
328.167850
328.186050
328.270225
328.319000
328.348350
328.805100
328.939100
328.974200
329.104875
329.149475
329.195675
329.225225
329.246325
329.281250
329.416325
329.537125
329.565300
329.649550
329.731250
329.755425
329.810150
329.831775
329.856925
329.998350
330.093625
330.124950
330.150925
330.320875
330.491275
330.510125
330.557650
330.774325
330.832475
331.000475
331.074650
331.156225
331.221750
331.314000
331.394725
331.472500
331.500300
331.675925
331.813550
331.835100
331.892225
331.924950
332.151325
332.237050
332.261925
332.423225
332.525800
332.679875
332.698650
332.758100
332.784625
332.886200
332.917200
333.034625
333.050050
333.126150
333.410000
333.480625
333.731625
333.851175
333.872600
333.920175
334.097775
334.170025
334.383625
334.487425
334.556300
334.580750
334.675250
334.925050
334.945325
334.966650
335.024175
335.125250
335.162250
335.230375
335.325900
335.353425
335.468050
335.528850
335.565650
335.661675
335.695050
335.718325
335.757500
335.790350
335.823000
335.971675
336.013000
336.055400
336.269775
336.310500
336.501200
336.542325
336.581825
336.930900
337.025250
337.112350
337.145250
337.279400
337.308825
337.330925
337.379950
337.657875
337.698325
337.736675
337.791275
337.890400
337.967950
337.995750
338.030450
338.056075
338.072325
338.104175
338.214925
338.294750
338.332150
338.350250
338.473775
338.552950
338.595625
338.629350
338.662725
338.892900
338.926225
338.975725
339.066925
339.089100
339.116100
339.252475
339.310250
339.338550
339.361125
339.396500
339.578700
339.761400
339.835250
340.026850
340.102825
340.123375
340.184950
340.461175
340.506225
340.703800
341.073650
341.170150
341.189900
341.319375
341.360700
341.401075
341.497050
341.534150
341.568275
341.602875
342.020475
342.121875
342.145275
342.227475
342.295175
342.450175
342.543300
342.656275
342.696025
342.811225
342.845075
342.949875
342.968125
343.035675
343.151325
343.270575
343.358050
343.440025
343.555300
343.647050
343.708600
343.760850
343.837450
343.952775
344.047925
344.119400
344.194600
344.268225
344.390250
344.437350
344.468875
344.517675
344.568200
344.610575
344.692475
344.732750
344.801425
344.821775
344.845825
344.924775
344.948775
345.078600
345.153550
345.282000
345.377925
345.419500
345.505425
345.554050
345.585875
345.618700
345.643650
345.753650
345.794975
345.884400
345.919350
345.950500
346.038575
346.130375
346.172250
346.215000
346.395600
346.421650
346.498000
346.634425
346.673675
346.709700
346.755075
346.849400
346.913075
347.061675
347.094550
347.141925
347.213800
347.275425
347.421600
347.599825
347.668500
347.751250
347.826525
347.958450
348.025975
348.128375
348.234325
348.324950
348.421400
348.497000
348.748200
349.001450
349.046075
349.065075
349.104350
349.218550
349.514450
349.692575
349.717025
349.761650
349.801250
349.823600
349.874925
349.919575
349.982975
350.384300
350.413475
350.493700
350.706025
350.967075
351.004025
351.050925
351.075000
351.108375
351.127900
351.144850
351.192125
351.244925
351.324875
351.351400
351.398725
351.580700
351.612775
351.657375
351.769650
351.847850
351.911125
352.064475
352.090475
352.153600
352.201900
352.220900
352.367525
352.424325
352.450400
352.511700
352.592050
352.618400
352.771725
352.800075
352.968625
353.022550
353.061525
353.155350
353.178700
353.381725
353.502700
353.555175
353.627575
353.808025
353.842050
353.880675
353.905550
354.047150
354.091450
354.320525
354.379500
354.426175
354.477250
354.528925
354.590650
354.652975
354.697625
354.733350
354.902550
355.007725
355.081500
355.144000
355.184350
355.199125
355.220975
355.289150
355.472275
355.596975
355.630800
355.676325
355.724725
355.774725
355.808825
355.841925
355.921875
355.967750
355.998250
356.128000
356.164750
356.266875
356.424700
356.517900
356.599525
356.630525
356.648725
356.694400
356.811650
356.844175
356.940300
357.014800
357.057550
357.162125
357.207800
357.247675
357.417525
357.480850
357.590075
357.705075
357.757550
357.814625
357.847000
357.951050
358.039725
358.059725
358.150825
358.249025
358.310525
358.453250
358.502275
358.531200
358.604750
358.641850
358.792075
358.888225
358.964000
358.998175
359.037075
359.087575
359.162275
359.196150
359.233875
359.308950
359.421975
359.493775
359.512425
359.526375
359.653975
360.023000
360.074050
360.200375
360.234825
360.281625
360.309825
360.350425
360.432500
360.687200
360.827500
360.849675
360.877625
360.899550
361.197100
361.265300
361.303100
361.418600
361.445675
361.509075
361.618100
361.737900
361.761725
361.788950
361.888375
361.952825
362.105875
362.166700
362.225525
362.257600
362.346175
362.404825
362.473525
362.501375
362.607625
362.664675
362.708725
362.810675
363.039650
363.133375
363.189275
363.267250
363.327350
363.415900
363.652050
363.686400
364.186450
364.402825
364.426675
364.485250
364.519775
364.556175
364.614000
364.667525
364.710675
364.755675
364.841200
364.965475
365.106300
365.406000
365.461150
365.726775
365.788800
365.825575
365.893725
365.925325
365.959925
365.987525
366.060275
366.087025
366.164650
366.391900
366.442900
366.491800
366.545250
366.591100
366.633625
366.696575
366.726275
367.160575
367.182375
367.365500
367.390150
367.529850
367.566875
367.633125
367.740450
367.771525
367.848000
367.898300
367.971300
368.021525
368.171425
368.350750
368.512500
368.665525
368.725450
368.885950
369.323950
369.460575
369.844225
370.208700
370.260675
370.574775
370.799900
370.861300
370.956800
371.700675
372.048775
372.089500
372.127200
372.450900
372.925650
372.962850
373.285200
373.606725
373.657350
373.745300
373.940550
374.098075
374.159425
374.215475
374.257125
374.317525
374.375425
374.456850
374.505325
374.532250
374.798950
374.883125
374.916650
374.958000
375.075975
375.259200
375.304200
375.406100
375.459675
375.514550
375.602200
375.667600
375.749100
375.807100
375.958450
376.068775
376.101175
376.128900
376.152800
376.182325
376.250325
376.314350
376.525650
376.706150
376.730000
376.760825
376.781275
376.821350
376.865050
376.930125
376.989925
377.263250
377.303675
377.414150
377.539475
377.653675
377.683725
377.730250
377.879025
377.966875
378.137425
378.162375
378.176550
378.241475
378.356350
378.437125
378.493750
378.514825
378.533450
378.551950
378.570300
378.583950
378.858775
378.917975
378.949975
379.019725
379.141425
379.194575
379.224250
379.359275
379.569850
379.768675
379.814375
379.967800
380.041900
380.176575
380.197100
380.271250
380.385525
380.429375
380.482375
380.580450
380.601500
380.725475
380.817650
380.997200
381.045175
381.135375
381.321750
381.513925
381.566200
381.725150
381.833300
381.853150
381.903875
382.206925
382.354925
382.381500
382.455125
382.502350
382.531275
382.576250
382.770725
382.834425
383.010400
383.030775
383.144550
383.181575
383.321650
383.446850
383.477225
383.583200
383.730000
383.794425
383.900700
383.942850
384.013175
384.048150
384.126725
384.258000
384.334175
384.595700
384.631425
384.692500
384.714425
384.750325
384.788775
384.809875
384.996575
385.075350
385.150875
385.223650
385.292450
385.331075
385.417550
385.477975
385.537800
385.578175
385.620425
385.663400
385.683450
385.764625
385.798375
385.925150
385.959200
386.077075
386.180400
386.268250
386.348125
386.414300
386.527275
386.568125
386.675250
386.763700
386.788425
386.850375
386.973550
387.126950
387.178250
387.217125
387.303550
387.349500
387.393675
387.433325
387.510975
387.611650
387.659200
387.726600
387.894650
388.078150
388.130500
388.193475
388.241500
388.302225
388.350775
388.445225
388.622400
388.674400
388.718850
388.946375
389.022200
389.059150
389.174525
389.475175
389.591975
389.672700
389.790650
389.893300
389.939875
390.101250
390.158975
390.266250
390.481075
390.599325
390.634550
390.670850
390.816200
390.844225
390.877800
390.970125
390.979800
391.148275
391.176175
391.404250
391.415125
391.446775
391.582300
391.717450
391.819550
391.865650
391.924275
392.004225
392.176025
392.202050
392.443925
392.796775
392.841725
392.894100
393.105575
393.157225
393.227425
393.277925
393.294925
393.345575
393.445800
393.543225
393.619675
393.636525
393.826650
393.876100
394.001925
394.331400
394.610850
394.654175
394.706550
394.832950
394.855525
395.297025
395.316475
395.411400
395.473275
395.594100
396.038900
396.155550
396.306800
396.395300
396.557000
396.645425
396.671000
396.746750
396.969475
397.099400
397.123600
397.254300
397.447900
397.612850
397.661775
397.819800
397.877850
398.077100
398.255925
398.306275
398.495000
398.574425
398.685250
398.874175
398.927750
398.971750
399.191650
399.246300
399.284825
399.307000
399.338375
399.437975
399.471550
399.519025
399.742925
399.835225
399.969200
399.985150
400.042475
400.068050
400.153650
400.232125
400.306475
400.358050
400.502150
400.538425
400.601075
400.652475
400.718250
400.808850
400.857375
400.975875
400.995275
401.088825
401.381700
401.411600
401.455025
401.509650
401.581825
401.760275
401.890900
401.975075
402.053000
402.222925
402.244550
402.295800
402.335400
402.402500
402.431200
402.560650
402.589500
402.622875
402.767075
402.844500
402.886875
402.969350
403.162125
403.309150
403.427100
403.551000
403.584900
403.645150
404.003400
404.073425
404.099375
404.548325
404.592925
404.635800
404.718550
404.833225
405.206400
405.250325
405.444525
405.551675
405.592650
405.684075
405.934650
406.009875
406.040175
406.197700
406.284900
406.305200
406.324175
406.337100
406.447000
406.492850
406.527350
406.638225
406.674925
407.116450
407.155675
407.208400
407.315375
407.440650
407.536925
407.637375
407.653625
407.875625
407.923275
408.113425
408.165500
408.199125
408.356150
408.450150
408.566650
408.737250
408.796700
408.888675
409.073050
409.145500
409.179875
409.222600
409.400750
409.506050
409.558400
409.625250
409.843725
409.985100
410.036225
410.075875
410.133425
410.167350
410.274750
410.336300
410.405650
410.512525
410.598300
410.640900
410.734900
410.777825
410.812575
410.868975
410.906300
410.947725
411.025550
411.113600
411.329175
411.459125
411.504425
411.564900
411.602300
411.728125
411.840750
411.862875
412.272600
412.364025
412.495950
412.698575
412.805125
412.998100
413.090600
413.110950
413.159700
413.361225
413.404925
413.482425
413.516725
413.594775
413.615875
413.654625
413.679050
413.841900
413.932325
414.158250
414.221575
414.252050
414.292525
414.653850
414.692475
414.793650
414.822175
415.002200
415.184775
415.325925
415.360575
415.433325
415.476200
415.674250
415.766250
415.843475
415.969225
416.105850
416.185450
416.304825
416.330625
416.521300
416.542000
416.601875
416.684250
416.711525
416.794975
416.836675
416.895000
417.144475
417.223825
417.312875
417.514300
417.550575
417.598025
417.717550
417.739450
417.780925
417.813875
417.856425
418.032750
418.372575
418.781125
419.078625
419.129150
419.165500
419.248400
419.487300
419.562550
419.614725
419.687425
419.742375
419.764550
419.811925
420.232775
420.464775
420.667900
420.771900
421.139425
421.262225
421.429275
421.669300
421.796850
421.852575
422.185625
422.247200
422.476650
422.560875
422.887050
422.930025
422.964975
423.191000
423.290150
423.336325
423.554150
423.607325
423.668200
423.705600
424.033450
424.122825
424.151450
424.245300
424.289700
424.531100
424.630150
424.713150
424.736850
424.884125
424.905925
424.934775
424.963050
424.999325
425.061500
425.165225
425.371000
425.452250
425.489350
425.642800
425.669025
425.786625
425.863175
425.934475
425.968925
426.032000
426.073225
426.120525
426.161550
426.201250
426.240350
426.311550
426.446400
426.489125
426.593950
426.671600
426.712225
426.768175
426.797150
426.834175
426.857125
427.111525
427.158625
427.217375
427.258175
427.300550
427.322575
427.408000
427.432900
427.478575
427.552525
427.854550
427.963250
428.098525
428.131925
428.154775
428.245750
428.393500
428.420175
428.439975
428.490225
428.511575
428.529100
428.624500
428.726450
428.754100
428.900050
428.956900
429.105575
429.237775
429.340600
429.404950
429.479375
429.509525
429.593850
429.685025
429.714850
429.866800
429.888300
429.945450
430.065500
430.175050
430.190550
430.249700
430.303025
430.332850
430.456075
430.474675
430.499025
430.655175
430.755800
430.776400
430.861850
431.493850
431.787100
431.917475
431.982025
432.070075
432.179575
432.328350
432.406400
432.475700
432.626350
432.708400
432.779650
432.834575
432.902050
433.022475
433.057725
433.089850
433.119775
433.199225
433.263975
433.296250
433.376475
433.417625
433.492250
433.514925
433.548100
433.622825
433.849250
433.881300
433.911900
433.969175
433.996975
434.170725
434.195300
434.221625
434.259325
434.305975
434.444200
434.669650
434.713375
434.885750
434.921000
435.209200
435.262300
435.359125
435.403900
435.465300
435.583800
435.622450
435.752725
435.806050
435.897750
435.984050
436.014800
436.094425
436.113350
436.164550
436.215450
436.267275
436.340250
436.369475
436.404800
436.562175
436.601425
436.750150
436.785275
436.875475
436.903050
437.029850
437.205050
437.302025
437.540275
437.601425
437.810225
437.927500
438.083375
438.105800
438.136650
438.147750
438.161350
438.270150
438.301775
438.616225
438.647550
438.852050
438.944750
439.204850
439.343925
439.479400
439.584075
439.627175
439.653875
439.747750
439.937325
439.964350
440.179150
440.348625
440.483525
440.580800
441.130425
441.191500
441.233150
441.279075
441.306275
441.425825
441.561500
441.693550
442.110400
442.315475
442.375400
442.393100
442.413875
442.510300
442.608150
442.826175
442.945800
442.993950
443.117900
443.269125
443.328975
443.493150
443.542000
443.600475
443.655275
443.704050
443.757500
443.850800
443.934125
443.999500
444.046275
444.219600
444.255975
444.366775
444.462350
444.521975
444.546925
444.682425
444.730125
444.808425
444.833500
444.885325
445.221000
445.302850
445.335550
445.370450
445.388050
445.540250
445.565875
445.616100
445.799875
445.884550
445.966600
446.019225
446.068200
446.159450
446.208375
446.244250
446.277200
446.308275
446.423075
446.529850
446.601000
446.630650
446.695275
446.910325
447.002100
447.137275
447.171050
447.213400
447.260650
447.361025
447.507075
447.538675
447.593500
447.745000
447.826425
447.868900
447.970075
448.138075
448.417925
448.442750
448.591375
448.726400
448.799525
448.880500
448.940225
449.040225
449.189750
449.325150
449.393125
449.580375
449.626100
449.744275
449.814150
449.972925
450.061625
450.097050
450.114475
450.140575
450.381450
450.427150
450.499000
450.611300
450.713800
450.749250
451.001975
451.199675
451.303025
451.393500
451.427525
451.449100
451.499425
451.607050
451.855450
452.163225
452.182850
452.227275
452.260400
452.380500
452.396375
452.425100
452.544400
452.572200
452.666650
452.828150
452.889475
452.935450
453.028175
453.088675
453.155075
453.307250
453.468275
453.504750
453.615225
453.686825
453.726500
453.766650
453.827575
453.848200
453.863000
453.972225
454.121225
454.266600
454.424050
454.552425
454.578775
454.596425
454.810825
454.996125
455.041200
455.257050
455.315225
455.654350
455.690450
455.770600
455.883725
455.922250
455.985675
456.044950
456.128725
456.261125
456.304775
456.350750
456.442075
456.474675
456.790125
456.840900
456.953025
457.004425
457.035575
457.117000
457.393825
457.604175
457.839850
457.873475
457.928325
458.019725
458.149350
458.179750
458.528975
458.637900
458.675700
458.724350
458.836275
458.951100
458.979325
458.999150
459.067925
459.269725
459.291775
459.315425
459.334525
459.536800
459.609375
460.093225
460.181925
460.197125
460.275050
460.504175
460.637700
460.838800
460.879275
461.101625
461.109425
461.185250
461.283600
461.349775
461.414125
461.614800
461.786275
461.864275
461.931725
461.979275
462.026350
462.067350
462.096900
462.208500
462.260575
462.487525
462.525475
462.570400
463.005475
463.155875
463.225350
463.264725
463.341550
463.399100
463.425200
463.449575
463.568850
463.635875
463.727000
463.889200
463.906225
463.995150
464.026275
464.074450
464.129525
464.316875
464.438675
464.502900
464.618925
464.702650
464.785075
464.806925
464.853850
464.903875
464.976800
465.090700
465.111375
465.131750
465.212050
465.235200
465.309825
465.390675
465.533175
465.719175
465.900175
465.932500
466.078250
466.112325
466.184875
466.200125
466.633375
466.682425
466.760175
466.819950
466.944650
467.086550
467.161750
467.246700
467.407675
467.769625
467.797225
467.820300
467.883650
468.460825
469.525550
469.612450
470.063125
470.192450
470.283500
470.674975
470.897500
471.081575
471.464350
471.621650
471.853550
472.004850
472.170000
472.343750
472.418300
472.863200
473.055400
473.243350
473.347150
473.609225
473.640175
473.657775
473.682050
473.771150
473.983375
474.170225
474.252100
474.311375
474.526900
474.621175
474.678800
474.766625
474.789500
475.029350
475.135350
475.313750
475.343650
475.437400
475.500600
475.604700
475.671425
475.728975
475.791925
475.899000
475.938600
476.022100
476.085575
476.250075
476.369925
476.410175
476.454775
476.563275
476.623175
476.786275
476.818600
476.930650
477.097325
477.115100
477.274400
477.359950
477.389475
477.554700
477.653675
477.690900
477.735575
477.805450
477.848850
477.898075
477.945975
478.091650
478.137900
478.171600
478.196025
478.210550
478.251200
478.363650
478.454350
478.506500
478.561950
478.655950
478.818125
478.842150
478.870725
478.891550
479.044325
479.081025
479.159425
479.185625
479.231450
479.435675
479.466250
479.519225
479.544550
479.630050
479.745150
479.797925
479.810325
479.835550
479.888500
479.916225
480.079725
480.241775
480.288325
480.448400
480.550500
480.572425
480.657675
480.679150
480.717275
481.036850
481.179900
481.354725
481.581150
481.768100
481.910600
482.007600
482.039900
482.157650
482.263100
482.320750
482.534100
482.544000
482.590975
482.712300
482.812025
482.861175
482.928750
482.959800
483.119325
483.381650
483.414525
483.549625
483.669975
483.926625
484.029325
484.075625
484.120750
484.218425
484.322175
484.523525
484.721750
485.288275
485.395225
485.478500
485.509375
485.559650
485.584050
485.846975
485.914000
486.002750
486.136625
486.213850
486.274150
486.487900
486.543775
486.618650
486.699450
486.840475
487.061950
487.242700
487.383350
487.473375
487.491100
487.578650
487.781150
487.807300
487.918675
488.040150
488.278225
488.361375
488.491075
488.603250
488.705850
488.728100
488.760525
489.068700
489.094600
489.199000
489.317400
489.487700
489.624500
489.863600
489.921175
490.174900
490.311525
490.364425
490.479425
490.482875
490.618050
490.632950
490.717775
490.931875
491.072700
491.194575
491.262800
491.330225
491.348900
491.391400
491.414225
491.547525
491.698750
491.821900
491.953175
492.080650
492.280125
492.403050
492.660450
492.738975
492.937925
492.970825
493.370800
493.500650
493.546350
493.569250
493.626800
493.698800
493.761900
493.810875
493.909950
493.973550
494.069725
494.215300
494.271025
494.358825
494.455750
494.514600
494.541700
494.599725
494.659350
494.829125
494.854775
494.896550
494.955150
495.069600
495.122275
495.375675
495.479750
495.552150
495.583350
495.605625
495.981825
496.032275
496.103400
496.148675
496.182200
496.215375
496.419975
496.634275
496.698500
496.784275
496.806900
496.925550
496.970750
497.004275
497.026675
497.257825
497.402000
497.494725
497.670125
497.761525
497.898200
497.922575
498.027150
498.116075
498.300350
498.422850
498.555125
498.601950
498.644525
498.726350
498.848525
498.922450
499.096225
499.214625
499.246900
499.271375
499.355550
499.566750
499.883925
499.911025
500.002375
500.113050
500.224775
500.270350
500.416625
500.547275
500.610775
500.642275
500.698025
500.817200
500.947250
501.035950
501.168775
501.256525
501.352250
501.506250
501.540050
501.765375
501.809175
502.066400
502.114275
502.216950
502.365625
502.464325
502.506400
502.602700
502.696250
502.881750
502.969075
503.104150
503.205875
503.262300
503.293875
503.516050
503.616775
503.720925
503.866675
503.914775
503.997500
504.041400
504.079250
504.136850
504.205575
504.384025
504.518650
504.579600
504.623500
504.649975
504.777250
504.814200
504.947250
505.000675
505.064600
505.246875
505.363650
505.487950
505.568200
505.605625
505.640925
505.659475
505.774250
505.844225
505.908975
506.256275
506.382400
506.502725
506.554725
506.649225
506.810200
506.897150
506.998775
507.118875
507.142075
507.400700
507.577875
507.605150
507.705725
507.854725
508.012525
508.325325
508.356400
508.374200
508.399975
508.586275
508.911375
508.986725
509.128675
509.145475
509.228375
509.678225
509.721425
509.802525
509.918450
509.946475
509.999475
510.027375
510.258000
510.293225
510.350225
510.412900
510.471325
510.632650
510.664150
510.697025
510.763875
510.792400
510.917600
510.974475
510.998075
511.033875
511.098600
511.141950
511.408975
511.738125
511.759475
511.912925
511.980050
512.046625
512.115550
512.188100
512.387700
512.461050
512.487200
512.609275
512.694750
512.821225
