# All spike data from neuron.
0.013825
0.030225
0.053825
0.076875
0.085875
0.096400
0.100450
0.121150
0.143225
0.169025
0.202325
0.384225
0.405725
0.534175
0.571500
0.579325
0.586650
0.662700
0.700150
0.736650
0.894100
0.944675
0.966200
0.982975
1.015800
1.027500
1.074475
1.095275
1.109600
1.135675
1.160950
1.182800
1.227275
1.252425
1.312275
1.323450
1.351225
1.381950
1.387925
1.395675
1.467250
1.471600
1.491750
1.496625
1.511250
1.516850
1.545775
1.561600
1.578475
1.592675
1.610450
1.621900
1.640475
1.661050
1.684800
1.688875
1.699525
1.710825
1.722075
1.744450
1.760925
1.793875
1.890225
1.939925
2.113600
2.143275
2.149200
2.154425
2.180825
2.202800
2.206050
2.212375
2.229800
2.233475
2.250650
2.266575
2.274775
2.292925
2.298875
2.306675
2.310950
2.334600
2.347025
2.381725
2.398600
2.550050
2.601850
2.663125
2.742925
2.760725
2.805375
2.888125
2.900175
2.912250
2.952175
3.027900
3.069575
3.082700
3.117025
3.147150
3.169775
3.193675
3.218100
3.261050
3.281825
3.324800
3.346125
3.418075
3.436900
3.500100
3.522250
3.541000
3.578625
3.675025
3.691550
3.713775
3.727550
3.740800
3.749850
3.767275
3.771075
3.782825
3.823575
3.836350
3.864125
3.868125
3.930000
3.944625
3.997300
4.040975
4.056125
4.083800
4.111150
4.123325
4.181425
4.196400
4.222225
4.303175
4.348200
4.372225
4.398075
4.470750
4.503000
4.514550
4.571425
4.586075
4.619850
4.676225
4.711900
4.720300
4.749500
4.759225
4.779525
4.785325
4.822650
4.881025
4.934650
4.943600
4.956075
4.984150
5.029200
5.045325
5.140125
5.227850
5.242425
5.264875
5.288725
5.302725
5.313375
5.332950
5.461175
5.490875
5.522375
5.535575
5.591400
5.621125
5.638850
5.664875
5.693550
5.721150
5.745775
5.805725
5.835625
5.858850
5.885975
5.921525
5.933525
5.944300
5.958500
5.994175
6.004950
6.007375
6.055000
6.071650
6.111775
6.185300
6.196625
6.224275
6.238975
6.255250
6.274475
6.286125
6.311500
6.323425
6.338800
6.347900
6.369400
6.408375
6.465925
6.525175
6.541150
6.555650
6.584450
6.595325
6.615600
6.693025
6.713375
6.725125
6.740275
6.782875
6.790625
6.838675
6.867450
6.880650
6.914625
6.921850
6.942700
6.972050
6.989775
6.999925
7.030075
7.082675
7.132700
7.168925
7.184275
7.200650
7.216525
7.238500
7.264400
7.283975
7.343600
7.360300
7.446500
7.469675
7.538125
7.587650
7.603100
7.631775
7.757375
7.772050
7.780900
7.816100
7.863500
7.873025
7.971375
8.017600
8.132175
8.160200
8.187675
8.203575
8.242850
8.266400
8.279925
8.288575
8.316275
8.381325
8.417375
8.443000
8.489575
8.521875
8.535850
8.560675
8.572125
8.606300
8.689075
8.697950
8.834225
8.854725
8.960200
8.979600
8.996900
8.999900
9.071600
9.177875
9.204125
9.258975
9.274950
9.305650
9.330650
9.348100
9.429975
9.452650
9.460025
9.512100
9.543050
9.569525
9.590425
9.603300
9.644450
9.708125
9.745000
9.758725
9.784175
9.793200
9.803575
9.834575
9.843225
9.918375
10.024525
10.047750
10.065300
10.071925
10.114425
10.147225
10.155150
10.177500
10.191000
10.318475
10.368800
10.476075
10.542575
10.774975
10.795900
10.811875
10.838200
10.854550
10.939600
10.951575
10.955500
10.963775
11.009950
11.022100
11.070150
11.092800
11.105525
11.113500
11.123175
11.228400
11.292975
11.325000
11.335850
11.430075
11.465575
11.483375
11.552175
11.620850
11.744350
11.914150
11.931250
12.003850
12.214325
12.280000
12.335975
12.367325
12.400200
12.425825
12.457925
12.468725
12.484475
12.497475
12.527800
12.547075
12.591775
12.614150
12.647425
12.700800
12.726750
12.770650
12.795300
12.840325
12.861225
12.878775
12.902450
12.943450
12.962575
12.973600
12.999950
13.078550
13.095250
13.102675
13.117550
13.121750
13.155125
13.204350
13.309475
13.345675
13.364200
13.397200
13.457950
13.465150
13.570825
13.600000
13.622000
13.633100
13.647000
13.663325
13.672775
13.687050
13.846650
13.919075
13.931200
14.010450
14.057425
14.124900
14.163250
14.202375
14.214600
14.258250
14.296550
14.304850
14.319975
14.413125
14.426475
14.598800
14.609050
14.660500
14.700000
14.706825
14.822850
14.896000
14.916800
14.966325
15.000825
15.042400
15.056575
15.116800
15.135650
15.160250
15.285750
15.316975
15.387875
15.410125
15.432650
15.473475
15.583600
15.597925
15.637050
15.713650
15.726825
15.755250
15.768600
15.883075
15.893975
15.994675
16.029050
16.062475
16.079975
16.118225
16.144825
16.202325
16.214475
16.277350
16.324350
16.355000
16.399575
16.405400
16.481700
16.516675
16.576750
16.618850
16.633350
16.680925
16.707050
16.735825
16.791450
16.804200
16.834425
16.848400
16.924100
16.942550
16.973700
17.004150
17.020450
17.031750
17.043375
17.099650
17.161975
17.212025
17.243525
17.277525
17.289100
17.301400
17.362350
17.414275
17.430650
17.456375
17.532025
17.610700
17.653800
17.667925
17.676625
17.698675
17.744675
17.765200
17.799200
17.865000
17.873800
17.885275
17.924650
17.957875
17.998700
18.119825
18.219275
18.235600
18.315425
18.342975
18.399175
18.419800
18.535875
18.555225
18.621925
18.660275
18.746700
18.766275
18.857800
18.899250
18.919600
18.945775
18.962825
18.986450
19.031325
19.073375
19.157725
19.173025
19.219150
19.228350
19.275800
19.297550
19.312375
19.324525
19.339375
19.396875
19.471750
19.483525
19.511925
19.539550
19.578725
19.590375
19.613125
19.655000
19.677375
19.716550
19.741250
19.753400
19.869500
19.909375
19.951750
20.065925
20.077150
20.122425
20.153750
20.244200
20.282200
20.300675
20.328550
20.363125
20.377575
20.408375
20.415250
20.484275
20.554875
20.605525
20.646225
20.668825
20.680825
20.705850
20.733225
20.762850
20.787700
20.820275
20.866325
20.899800
20.979350
21.003400
21.036900
21.063300
21.073750
21.093975
21.128050
21.133050
21.227250
21.264000
21.278650
21.319050
21.351000
21.452500
21.515725
21.545025
21.620050
21.639325
21.657025
21.670625
21.674575
21.703075
21.725950
21.783775
21.864400
21.881025
21.919375
21.963000
21.992725
22.032475
22.049000
22.059100
22.073475
22.112225
22.145225
22.199275
22.225500
22.241275
22.248825
22.281725
22.318700
22.356075
22.380950
22.391400
22.475050
22.485925
22.501125
22.521475
22.531025
22.586725
22.608750
22.626350
22.635300
22.695650
22.738475
22.763800
22.775300
22.821050
22.835150
22.855725
22.860775
23.024400
23.055625
23.062500
23.127850
23.248775
23.276125
23.292700
23.324325
23.360500
23.387600
23.472450
23.521175
23.627475
23.665225
23.691875
23.711700
23.743375
23.811325
23.818950
23.830075
23.930500
23.977275
24.003650
24.134700
24.155550
24.183975
24.247200
24.264125
24.273050
24.292800
24.302400
24.314775
24.442275
24.467375
24.516575
24.544400
24.555525
24.576150
24.704150
24.710550
24.723275
24.800475
24.810225
24.914800
24.934100
24.940650
25.041350
25.064575
25.112500
25.156475
25.246800
25.255075
25.277650
25.286775
25.398550
25.420875
25.507100
25.580525
25.702925
25.778575
25.871300
25.886775
25.930400
25.952175
25.980625
26.074625
26.216775
26.256075
26.323100
26.373075
26.424600
26.488425
26.577300
26.603675
26.644175
26.724825
26.741175
26.814475
26.828575
26.853675
26.881850
26.897700
26.928375
26.959050
26.984275
27.022150
27.066725
27.098625
27.165875
27.173750
27.222200
27.271300
27.315225
27.344300
27.350675
27.383775
27.429950
27.477925
27.503300
27.510875
27.545125
27.628325
27.654900
27.709700
27.728250
27.787900
27.834225
27.875200
27.982900
27.995450
28.002425
28.070700
28.118200
28.165725
28.203425
28.218850
28.263775
28.280450
28.293325
28.328025
28.347975
28.355900
28.431875
28.467350
28.501150
28.509725
28.528500
28.529825
28.593925
28.617875
28.634025
28.639450
28.667475
28.689275
28.712925
28.752850
28.798900
28.834325
28.847150
28.863175
28.878150
28.891625
28.953550
29.060800
29.083625
29.195675
29.227325
29.323300
29.362150
29.397400
29.404900
29.442100
29.447800
29.459300
29.472350
29.496125
29.520900
29.539475
29.553250
29.625150
29.645025
29.695600
29.744150
29.757750
29.798450
29.835500
29.868275
29.916775
29.957925
29.994475
30.063500
30.074175
30.126725
30.153475
30.160425
30.192550
30.208675
30.218800
30.242125
30.274050
30.320725
30.329050
30.367425
30.390000
30.411700
30.454050
30.454850
30.471900
30.484275
30.494850
30.527650
30.589650
30.599050
30.660875
30.684100
30.736300
30.808200
30.911225
30.940600
30.966100
30.976725
31.014525
31.029500
31.092900
31.118150
31.148600
31.158350
31.208750
31.335675
31.342250
31.385050
31.446125
31.466550
31.481700
31.528450
31.550400
31.651875
31.673500
31.686600
31.731475
31.762375
31.771000
31.815075
31.839000
31.875125
31.888775
31.953475
31.969975
32.061625
32.102150
32.118500
32.130900
32.147550
32.161925
32.242650
32.247175
32.279475
32.327000
32.347325
32.372500
32.413500
32.424375
32.439700
32.440275
32.455850
32.581200
32.592900
32.606450
32.626850
32.635350
32.660950
32.693325
32.713800
32.731675
32.765050
32.785375
32.814700
32.866125
32.926400
32.937700
32.976075
33.015725
33.052000
33.083300
33.114425
33.151925
33.161200
33.213850
33.243875
33.259975
33.273975
33.344675
33.388025
33.481875
33.563125
33.580250
33.644875
33.648425
33.684350
33.751375
33.760775
33.830025
33.881600
33.890925
33.955925
33.973175
34.038050
34.087525
34.138125
34.181800
34.216525
34.237750
34.244050
34.271925
34.279600
34.308525
34.337525
34.409675
34.542275
34.662800
34.685475
34.731900
34.738750
34.797650
34.813625
34.840925
34.892150
34.967425
35.009075
35.061100
35.069150
35.096950
35.104500
35.128450
35.180450
35.188825
35.208325
35.287225
35.296625
35.358375
35.378775
35.409225
35.428250
35.444775
35.554150
35.689875
35.713775
35.734625
35.774025
35.791250
35.820900
35.829200
35.844850
35.913350
35.944100
36.029500
36.116450
36.134825
36.192600
36.226775
36.261675
36.282325
36.327575
36.407900
36.444925
36.494450
36.504750
36.572975
36.662775
36.818550
36.825825
36.963625
36.981825
37.028350
37.062075
37.108275
37.175500
37.220400
37.262850
37.271275
37.288450
37.311050
37.323975
37.346275
37.352600
37.410425
37.440650
37.463975
37.472425
37.492200
37.527600
37.550450
37.606525
37.635100
37.645525
37.677350
37.706100
37.752625
37.758100
37.768175
37.795400
37.807025
37.822300
37.835375
37.859700
37.881200
37.915150
37.936875
37.959500
38.013500
38.035775
38.077550
38.087600
38.096075
38.118275
38.131475
38.157425
38.237850
38.264725
38.345200
38.359950
38.420800
38.444075
38.493100
38.518300
38.541925
38.562100
38.575775
38.681750
38.700025
38.807200
38.884225
39.091425
39.123925
39.148925
39.166850
39.177025
39.214050
39.235000
39.283600
39.301125
39.316650
39.352625
39.381100
39.446725
39.519725
39.557925
39.600150
39.639550
39.662575
39.707250
39.729100
39.762025
39.804775
39.843425
39.903400
39.909850
39.946825
39.990675
40.027400
40.042150
40.055350
40.069825
40.155425
40.168275
40.207625
40.232225
40.286125
40.298775
40.441575
40.485600
40.498950
40.515025
40.526950
40.566750
40.580275
40.593500
40.619850
40.628475
40.695325
40.748075
40.765200
40.832025
40.842525
40.915325
40.928250
40.940450
40.953900
41.009225
41.038775
41.072400
41.100375
41.153100
41.193300
41.210725
41.229250
41.245425
41.258775
41.293600
41.339150
41.377200
41.400350
41.412575
41.538975
41.611875
41.626525
41.663100
41.676775
41.708025
41.737875
41.784225
41.807625
41.821400
41.870750
41.878650
41.905650
42.013325
42.030200
42.048300
42.067225
42.080500
42.159550
42.188125
42.241500
42.266050
42.275475
42.285575
42.340750
42.404275
42.414050
42.433150
42.456025
42.489925
42.502750
42.526600
42.579650
42.608175
42.641025
42.678925
42.692325
42.700425
42.725475
42.754050
42.773400
42.789350
42.796725
42.833850
42.883050
42.901675
42.924750
42.945000
42.970875
42.983700
43.007650
43.029700
43.043450
43.060925
43.079100
43.107800
43.124600
43.180625
43.198525
43.222050
43.236425
43.242625
43.303025
43.341275
43.352425
43.415200
43.433450
43.474675
43.498900
43.505125
43.543025
43.556275
43.665825
43.696325
43.713775
43.757075
43.773425
43.806250
43.828050
43.864150
43.984875
44.033150
44.061675
44.084550
44.102850
44.113350
44.135000
44.160650
44.172350
44.195050
44.201500
44.238725
44.264775
44.287125
44.307050
44.333625
44.347200
44.359925
44.375650
44.384550
44.407850
44.436250
44.464725
44.497300
44.516350
44.534800
44.545475
44.567425
44.577925
44.603100
44.634925
44.645200
44.704975
44.752050
44.764700
44.776275
44.795300
44.823975
44.833475
44.856775
44.944575
44.967950
45.006225
45.007900
45.021750
45.067625
45.079200
45.087050
45.111950
45.176925
45.201200
45.220025
45.231550
45.320175
45.350725
45.400375
45.421700
45.446300
45.497575
45.595700
45.617000
45.675100
45.733275
45.764350
45.784975
45.826550
45.840050
45.893800
45.934175
45.974075
45.987325
46.013200
46.051925
46.072900
46.112675
46.204525
46.229025
46.245950
46.442200
46.470775
46.479225
46.484625
46.493625
46.501825
46.623700
46.649050
46.651200
46.661025
46.757800
46.846525
46.863450
46.987300
46.996375
47.046150
47.087575
47.172525
47.192075
47.210650
47.222325
47.232475
47.264100
47.349350
47.364350
47.368800
47.378400
47.387125
47.410425
47.442525
47.452675
47.462800
47.601250
47.617700
47.654750
47.733525
47.782150
47.800850
47.823500
47.865725
47.954775
47.996200
48.012325
48.041225
48.075250
48.111750
48.123475
48.217400
48.241375
48.275800
48.387650
48.401100
48.414550
48.449925
48.493525
48.525125
48.587150
48.595950
48.654375
48.660775
48.694925
48.726500
48.738225
48.748225
48.775125
48.783950
48.856325
48.873775
48.937450
48.955350
48.980525
49.027700
49.054425
49.078925
49.096575
49.116525
49.145075
49.165175
49.178850
49.221100
49.230900
49.242375
49.265250
49.282650
49.288725
49.305375
49.334775
49.370050
49.407300
49.469450
49.484700
49.499900
49.509200
49.520350
49.609125
49.657125
49.695150
49.706000
49.779525
49.834975
49.881250
49.925625
49.958450
49.974975
49.988650
50.038050
50.058625
50.211775
50.226825
50.243000
50.270150
50.282275
50.391300
50.425450
50.431675
50.443750
50.462800
50.533250
50.546950
50.589050
50.621875
50.676950
50.699200
50.751425
50.802450
50.854650
50.929375
50.945350
51.013450
51.030525
51.068225
51.085875
51.117550
51.125000
51.143900
51.210150
51.237100
51.307925
51.318950
51.323225
51.423375
51.451650
51.497150
51.508900
51.566875
51.640575
51.668250
51.690500
51.801625
52.017050
52.019200
52.027450
52.047825
52.124900
52.164025
52.290025
52.317900
52.334400
52.350600
52.369075
52.385175
52.510075
52.524850
52.577375
52.615925
52.659475
52.690675
52.711650
52.828775
52.902925
52.908350
52.965350
53.023875
53.033200
53.052200
53.127300
53.144800
53.159175
53.177300
53.186925
53.200325
53.218975
53.240625
53.269800
53.334400
53.352125
53.398800
53.415775
53.430925
53.443575
53.477200
53.550200
53.608750
53.653825
53.664075
53.760125
53.823150
53.864000
53.867750
53.894925
53.922975
53.987925
54.030300
54.055550
54.089000
54.110500
54.175700
54.205575
54.300825
54.343350
54.483125
54.589725
54.688025
54.916675
54.948350
55.014350
55.043775
55.126475
55.192450
55.312900
55.344750
55.354425
55.401200
55.498225
55.514225
55.592725
55.716525
55.821650
55.827325
55.850125
55.910125
55.958325
55.976050
55.981725
56.024225
56.062350
56.074225
56.103600
56.116200
56.152075
56.178600
56.194325
56.278825
56.334475
56.359525
56.385850
56.396275
56.437875
56.473050
56.514650
56.542950
56.578800
56.599275
56.607550
56.658100
56.692975
56.705325
56.715950
56.778725
56.816875
56.852750
56.888675
56.949875
56.962725
57.017325
57.054175
57.080225
57.094075
57.150250
57.180550
57.191250
57.291825
57.298900
57.372075
57.411150
57.423625
57.432225
57.456150
57.500575
57.522400
57.532825
57.567325
57.583950
57.635400
57.749400
57.833900
57.985300
58.049275
58.056650
58.124925
58.211450
58.292950
58.364025
58.429825
58.570825
58.598225
58.693875
58.702125
58.706150
58.749525
58.780325
58.851225
58.920175
58.966675
59.457275
60.015425
62.198200
62.212225
62.439775
62.702725
63.026275
63.135175
63.526125
63.643250
63.924150
63.933125
64.018550
64.111425
64.141225
64.147800
64.212075
64.254025
64.295775
64.335825
64.387900
64.427225
64.455650
64.468325
64.507000
64.545675
64.619900
64.644750
64.718100
64.792525
64.831600
64.869475
64.955375
65.030375
65.127050
65.191025
65.211150
65.284975
65.423400
65.537575
65.605375
65.745100
65.854350
65.958225
66.221775
66.590975
67.397700
67.427925
67.674150
69.639350
70.396300
70.419175
70.693375
70.955400
71.099875
71.276525
71.355025
71.423825
72.003500
72.288200
73.136050
73.836000
75.626625
75.806250
76.088775
76.484100
76.648400
76.735800
76.908175
76.916725
77.102925
78.178075
78.604650
78.746400
79.550650
80.478000
80.735425
81.309550
82.087725
83.806300
84.422600
84.468900
84.490475
84.589750
85.015750
85.354300
85.618150
85.983300
86.454300
86.478825
86.516875
86.586875
86.693000
86.721700
87.685800
87.846800
88.022950
88.110275
88.279100
88.434750
88.863550
88.999725
89.219350
89.356575
89.554300
89.610125
90.005475
90.130350
90.138275
90.261075
90.362250
91.281900
92.039125
92.211900
92.273750
92.614550
93.200500
93.509900
93.659925
94.016350
94.085350
94.205850
94.385000
94.452925
95.227600
95.464325
97.059025
97.156875
97.190750
97.195000
97.598075
97.795225
97.859725
97.989850
98.003425
98.102575
98.129125
98.169050
98.173250
98.194250
98.437550
98.528675
98.579675
98.592450
98.636850
98.812125
98.882575
98.888675
99.007575
99.092525
99.120875
99.129475
99.168550
99.190175
99.222000
99.324425
99.431425
99.441925
99.481375
99.693675
99.720075
99.754625
99.905175
99.921525
99.947300
100.049375
100.206750
100.240875
100.269550
100.362800
100.382400
100.416750
100.438350
100.661075
100.715000
100.740075
100.750575
100.855325
100.860200
100.994450
101.003850
101.128625
101.197550
101.281950
101.595525
101.666825
101.724025
101.771125
101.831725
101.850000
101.862725
101.919975
101.934450
101.946600
102.020975
102.077850
102.126150
102.173325
102.218050
102.268075
102.292800
102.307000
102.324200
102.361100
102.489325
102.497925
102.703200
102.764400
102.850100
102.903025
103.011925
103.235275
103.242650
103.246800
103.280050
103.537175
103.594325
103.675550
103.720525
103.736000
103.788050
104.018400
104.152650
104.173450
104.217275
104.469625
104.763350
104.768025
104.836025
104.882950
104.927850
105.004775
105.055750
105.342150
105.372875
105.411950
105.457175
105.485400
105.500800
105.553675
105.605700
105.684675
105.745750
105.805125
105.810350
105.928450
105.942825
106.050200
106.144125
106.174825
106.281425
106.491275
106.525925
106.535575
106.571925
106.656850
106.766850
106.790000
106.832300
106.960650
106.979525
107.001925
107.020050
107.053150
107.122275
107.143650
107.226825
107.236825
107.267525
107.287450
107.332200
107.463150
107.476000
107.695325
107.843325
107.858600
107.880075
107.944575
107.988600
108.078200
108.105450
108.116950
108.184975
108.197175
108.256475
108.426000
108.457050
108.468300
108.581950
108.610550
108.648925
108.671225
108.675775
108.870700
108.880350
108.919325
108.974125
108.988975
108.999850
109.033325
109.045050
109.081750
109.175975
109.201025
109.285700
109.333375
109.348775
109.366650
109.398225
109.480975
109.531000
109.545950
109.628525
109.966550
109.979000
110.090200
112.336600
112.433750
112.487975
112.632800
112.834875
112.897625
112.909225
112.932650
112.963750
112.986725
113.002725
113.220975
113.316675
113.373350
113.475800
113.536975
113.552800
113.618725
113.678725
113.771775
114.449650
114.470850
114.516900
114.846350
114.921725
115.114500
115.150375
115.513100
115.645225
115.743500
115.814925
115.851900
115.929525
116.138925
116.164550
116.420825
116.536225
116.678975
116.693725
116.719825
117.216025
117.262150
117.346925
117.522525
117.629925
117.638625
117.665000
117.791525
118.024950
118.538575
118.813975
118.969225
119.035925
119.333875
119.520125
119.706025
119.934100
120.020575
121.256175
121.744050
122.404550
122.525875
122.804675
123.288025
123.458500
123.950650
124.025500
124.170975
124.728825
124.850900
124.997225
125.311400
125.365700
125.548200
125.671600
125.950025
126.267325
126.310400
127.053250
127.659250
127.893500
127.946175
127.971925
128.076675
128.081450
128.187000
128.284475
128.310975
128.573900
128.597675
128.607050
128.657675
128.770900
128.796950
128.806150
128.945500
129.007550
129.041575
129.068800
129.116150
129.152125
129.184925
129.223750
129.328800
129.341275
129.371300
129.460225
129.518875
129.570800
129.590550
129.646875
129.715675
129.812650
129.955300
129.964150
129.969650
129.996675
130.010575
130.076525
130.150425
130.247375
130.283925
130.308675
130.336850
130.346275
130.485450
130.502950
130.539125
130.568375
130.613325
130.654050
130.671325
130.690000
130.728625
130.801950
130.824500
130.851400
131.071325
131.107700
131.220625
131.329475
131.391850
131.563625
131.588475
131.644100
131.732400
131.760950
131.787300
131.792575
131.834600
131.905550
131.966700
132.027775
132.088525
132.140475
132.286825
132.474050
132.597375
132.686325
132.769600
133.018425
133.137750
133.198925
133.224125
133.239350
133.291150
133.343900
133.390725
133.411150
133.480300
133.510150
133.530775
133.555925
133.562000
133.573625
133.606950
133.674375
133.755775
133.858650
133.889225
133.905050
134.009850
134.018250
134.092150
134.114550
134.184425
134.366725
134.421500
134.495625
134.519525
134.581075
134.620125
134.635100
134.666675
134.786700
134.816150
134.885125
134.912025
134.939525
135.056925
135.220425
135.302450
135.363275
135.382525
135.447850
135.487150
135.556575
135.563525
135.589850
135.601225
135.612975
135.658375
135.864975
135.889975
136.017250
136.029600
136.057250
136.070675
136.086100
136.142525
136.156875
136.176800
136.190025
136.206300
136.353175
136.475475
136.513800
136.573925
136.778250
136.793000
136.826475
136.857650
136.919075
136.977225
137.018850
137.070775
137.163450
137.178675
137.231025
137.243225
137.248650
137.264175
137.277925
137.286450
137.289400
137.300825
137.318075
137.388050
137.431275
137.434200
137.513150
137.528500
137.626300
137.670000
137.695650
137.750175
137.819075
137.838975
137.841975
137.860225
137.929600
137.975050
138.067000
138.114250
138.192950
138.277425
138.299875
138.340775
138.464350
138.531125
138.590550
138.608875
138.621175
138.687975
138.766800
138.855200
138.960525
139.106775
139.150650
139.154800
139.297375
139.452025
139.477350
139.539625
139.641525
139.692325
139.744150
139.855925
139.900425
139.911475
139.983975
140.111025
140.196025
140.211325
140.260450
140.316375
140.345325
140.371625
140.393425
140.400500
140.450900
140.499700
140.626600
140.734000
140.745450
140.755925
140.824075
140.829000
140.840350
140.880075
140.933350
140.939525
140.992775
141.084625
141.119050
141.145500
141.162825
141.198725
141.374525
141.465025
141.477825
141.606050
141.618650
141.632775
141.725250
141.743025
141.746475
141.751350
141.786800
141.829775
141.847475
141.856275
141.906600
141.931350
141.948325
141.960375
141.979625
142.012050
142.012700
142.030525
142.057100
142.102550
142.153700
142.160700
142.167800
142.192150
142.287775
142.405225
142.410825
142.433300
142.457125
142.515800
142.529575
142.555250
142.614850
142.619375
142.640550
142.652100
142.709650
142.714075
142.877125
142.954825
142.976150
143.196650
143.256925
143.670450
143.720575
143.795725
143.806375
143.943650
143.960550
143.982400
144.017350
144.035675
144.095250
144.145600
144.327675
144.816725
144.835725
144.913725
144.941300
145.097775
145.156500
145.185625
145.256400
145.332050
145.439000
145.596975
145.960400
146.223225
146.315450
146.323450
146.404825
146.405550
146.416975
146.766675
146.878150
146.918175
146.992050
147.079775
147.144875
147.197175
147.301575
147.350825
147.482450
147.500850
147.547850
147.561000
148.000625
148.048850
148.202675
148.431550
148.687500
148.811725
148.921800
148.954800
149.151725
149.275050
149.339125
149.603275
149.879950
149.923500
150.040050
150.195675
150.267300
150.325200
150.386150
150.562375
150.743700
150.770725
150.825925
150.960700
151.062700
151.268550
151.289350
151.484150
151.782175
151.911225
151.917850
152.160000
152.181125
152.249675
152.291575
152.316050
152.371525
152.465900
152.552625
152.562725
152.662375
152.670350
152.716875
152.767650
152.975150
153.228300
153.303875
153.419075
153.542600
153.721125
153.755075
153.822300
153.970125
153.995600
154.078975
154.162600
154.310950
154.392525
154.507075
154.508800
154.546475
154.591400
154.610450
154.664400
154.796675
154.842950
154.954325
154.976050
155.000550
155.034000
155.052650
155.068125
155.107850
155.139800
155.217675
155.480300
155.595475
155.889750
156.016525
156.105375
156.228600
156.455750
156.466650
156.598350
156.710375
156.726625
156.798800
156.836250
156.899275
156.921250
156.946575
157.214800
157.318475
157.333250
157.395425
157.431150
157.458275
157.546650
157.601700
157.668325
157.700625
157.827925
157.864100
157.873350
157.884750
158.172675
158.234100
158.299600
158.417275
158.555500
158.764025
158.809975
158.852650
159.010825
159.123325
159.195250
159.307200
159.589825
159.627925
159.730500
159.802475
159.825225
159.859875
159.994425
160.016400
163.872200
164.100725
164.190675
165.039850
165.325325
165.370700
165.471775
165.936200
165.995150
166.026575
166.121225
166.207925
166.470925
166.576375
166.662275
166.841250
166.855025
166.916925
166.966775
167.007175
167.207825
167.246800
167.272425
167.309750
167.367575
167.451550
167.480700
167.502300
167.522825
167.530875
167.535525
167.614600
167.634600
167.651675
167.840025
167.914450
168.098800
168.237175
168.335500
168.428700
168.507800
168.515325
168.695125
168.710525
168.767025
168.800625
168.879100
168.924125
168.970100
169.055200
169.088575
169.123000
169.141550
169.176175
169.219675
169.298875
169.316125
169.343325
169.498675
169.607600
169.699875
169.921125
170.072550
170.101500
170.126475
170.140925
170.175425
170.195000
170.256000
170.278525
170.315300
170.352025
170.378850
170.388500
170.458100
170.534775
170.570200
170.603150
170.619250
170.661375
170.690150
170.700700
170.794225
170.805450
170.830450
170.872525
170.887675
170.902125
170.927950
170.961900
170.983700
170.998175
171.021775
171.032825
171.047300
171.081825
171.121250
171.134750
171.140475
171.156750
171.171225
171.199850
171.239575
171.271600
171.276100
171.324525
171.356450
171.378825
171.392400
171.405900
171.446350
171.483675
171.508350
171.609700
171.684400
171.908350
171.915700
171.993775
172.050750
172.072225
172.124675
172.171700
172.248175
172.263675
172.303700
172.323950
172.402125
172.455600
172.476750
172.523275
172.580600
172.611775
172.687550
172.720825
172.731275
172.781350
172.845025
172.872450
172.889250
172.967250
172.995800
173.051325
173.084425
173.103925
173.140575
173.150450
173.176675
173.194900
173.211175
173.277875
173.284725
173.350550
173.378500
173.411100
173.426600
173.444600
173.478550
173.536800
173.603050
173.790100
173.817675
173.929050
173.955725
173.959575
173.975650
174.078025
174.128000
174.255125
174.262025
174.315225
174.408650
174.551800
174.619600
174.767700
174.795475
174.835400
174.932525
174.997450
175.008050
175.043475
175.182100
175.218475
175.386675
175.395950
175.469375
175.895200
175.937075
175.950175
176.147850
176.302800
176.658500
176.667325
176.683625
176.693875
177.003575
177.165625
177.240875
177.338700
177.545500
177.623000
177.782800
177.853525
178.183350
178.246700
178.590650
178.596900
178.712675
178.737475
178.815125
179.041725
179.296425
179.321950
179.331325
179.343825
179.468350
179.645200
179.789300
179.986075
180.042975
180.226450
180.389300
180.594825
180.630475
181.016300
181.209150
181.250825
181.345225
181.402425
181.789325
181.886950
182.209300
182.349225
182.442600
182.583100
182.654750
182.733950
183.219325
183.511000
184.279050
184.334150
184.426825
184.600425
184.628900
184.723600
184.958700
185.003150
185.094700
185.140775
185.205575
185.248500
185.284900
185.352575
185.425875
185.438650
185.558500
185.600100
185.659325
185.693200
185.745350
186.124450
186.146125
186.222450
186.229625
186.252200
186.298250
186.304400
186.356025
186.421025
186.598275
186.618800
186.640225
186.659775
186.666075
186.683325
186.688500
186.722800
186.766600
186.831825
186.870725
186.883000
186.997575
187.069300
187.090000
187.101750
187.161200
187.195050
187.329350
187.429875
187.471625
187.539250
187.591950
187.618075
187.720650
187.744950
187.799000
187.888875
187.965925
188.006600
188.036775
188.093600
188.120325
188.182850
188.198700
188.297475
188.417175
188.648850
188.716850
188.823225
188.880800
188.964075
188.974425
189.031575
189.120300
189.189850
189.329425
189.352975
189.590750
189.665975
189.907225
189.969500
190.146150
190.328325
190.426325
191.095075
191.283075
191.324250
191.390725
191.420125
191.460775
191.500575
191.520025
191.742325
191.753975
191.779875
191.855475
191.984475
191.995575
192.038950
192.043200
192.065650
192.106425
192.365425
192.392975
192.466325
192.495500
192.510500
192.583650
192.632525
192.711800
192.770300
192.839950
192.895700
192.946750
192.965350
193.040925
193.124775
193.174125
193.185550
193.231200
193.283375
193.376125
193.397775
193.493925
193.559275
193.579275
193.610675
193.690400
193.705250
193.733975
193.751675
193.784700
193.805275
193.821975
193.896525
193.950250
193.980600
194.005675
194.042900
194.060750
194.116000
194.215500
194.248650
194.572675
194.677775
194.714850
194.921975
194.969625
195.076900
195.172675
195.182800
195.268375
195.371525
195.531150
195.626500
195.650500
195.824325
195.887125
196.096625
196.202000
196.300800
196.315975
196.359325
196.531150
196.535625
196.616800
196.655475
196.702125
196.726875
196.795425
196.900050
196.944250
196.958250
196.996475
197.009450
197.254725
197.267650
197.324275
197.371275
197.503400
197.577525
197.717025
197.773050
197.804400
197.810775
197.874200
198.018600
198.052475
198.115950
198.139475
198.182850
198.188250
198.232450
198.327575
198.390125
198.429850
198.593500
198.605200
198.610575
198.633450
198.650125
198.728025
198.748150
198.773675
198.965250
199.015100
199.117150
199.157300
199.183000
199.238550
199.251025
199.313625
199.449700
199.500775
199.703125
199.734625
200.012525
200.309675
200.466725
200.636025
200.912300
200.971075
201.019575
201.037775
201.048450
201.061175
201.089350
201.114900
201.138875
201.147250
201.162900
201.166825
201.203350
201.235025
201.250075
201.286100
201.323550
201.332450
201.349925
201.368850
201.396075
201.428525
201.501075
201.543125
201.566700
201.585900
201.622825
201.642625
201.675850
201.697400
201.737575
201.747100
201.760775
201.835150
201.880375
201.894750
201.943850
201.954750
201.967650
202.067600
202.079025
202.130900
202.173950
202.338850
202.395750
202.414750
202.434125
202.473075
202.513250
202.555525
202.581575
202.610275
202.644850
202.685075
202.715075
202.732525
202.781025
202.810575
202.829900
202.854100
202.955150
203.004200
203.017325
203.042425
203.055300
203.065975
203.096050
203.101875
203.294325
203.367700
203.387500
203.475925
203.489900
203.527625
203.553450
203.579200
203.595350
203.630075
203.706575
203.747975
203.780025
203.850975
203.861850
203.892750
203.931150
203.971350
204.005325
204.051400
204.062175
204.098075
204.102700
204.157725
204.241700
204.270850
204.362375
204.441100
204.483125
204.505125
204.525375
204.546950
204.632625
204.643325
204.670275
204.684900
204.740375
204.760700
204.784975
204.866325
204.902225
204.962000
204.968700
205.025600
205.044175
205.141075
205.198950
205.239675
205.285575
205.312200
205.332600
205.372575
205.376375
205.479700
205.519525
205.555100
205.560250
205.591875
205.615750
205.639300
205.674600
205.762650
205.803725
205.818650
205.841325
205.856250
205.865750
206.128150
206.180325
206.243725
206.256075
206.284000
206.307350
206.425950
206.431925
206.438400
206.480425
206.491350
206.507425
206.552300
206.603100
206.632925
206.646250
206.710900
206.736000
206.877800
206.908625
206.967250
207.056850
207.060600
207.086575
207.105875
207.127975
207.137075
207.221025
207.269100
207.333375
207.345525
207.351675
207.357200
207.485275
207.607000
207.679475
207.703800
207.849300
207.894225
207.899675
207.991825
208.025025
208.126375
208.295250
208.351025
208.355500
208.395975
208.434700
208.442100
208.465900
208.517625
208.541125
208.558650
208.562875
208.675900
208.690750
208.698600
208.719050
208.758950
208.767150
208.799550
208.817050
208.978325
208.983250
208.994650
208.999100
209.033425
209.055775
209.070850
209.094225
209.122550
209.181450
209.190700
209.240550
209.274150
209.311700
209.341850
209.348425
209.475400
209.479700
209.602975
209.616900
209.812250
209.923150
209.948275
210.050975
210.071250
210.295625
211.027025
211.357725
212.058800
212.117500
212.158875
212.215125
212.281400
212.314600
212.457525
212.553775
212.560150
212.598050
212.605775
212.657400
212.682900
212.729250
212.814100
212.860850
212.886375
212.962225
213.019200
213.039850
213.071950
213.132800
213.262200
213.290150
213.357750
213.449675
213.493675
213.560625
213.648175
213.683125
213.704100
213.751450
213.961500
213.988300
214.154350
214.424350
214.537725
214.694650
214.754625
214.993850
215.018575
215.131850
215.165150
215.237200
215.252800
215.469600
215.607600
215.684475
215.718900
215.790225
215.836250
215.963625
215.971850
215.979000
216.018875
216.048925
216.290575
216.375125
216.600075
216.686050
216.884450
216.935525
217.246950
217.521775
217.535575
217.630600
217.717900
217.918075
218.087500
218.387100
218.879900
219.356950
219.420600
219.534675
219.624050
219.696975
219.703275
220.140175
220.248500
220.275200
220.388325
220.441400
220.598700
220.854950
220.922425
220.934225
221.092625
221.181500
221.264425
221.307275
221.516675
221.900075
222.035100
222.084925
222.530900
222.667775
222.930175
222.971550
223.047325
223.248825
223.347375
223.470800
223.574425
223.710650
224.480775
225.493800
225.655125
225.730300
225.752250
225.788975
225.804775
225.813225
225.817875
226.029250
226.042800
226.168275
226.272900
226.293825
226.416075
226.446725
226.504875
226.551175
226.558825
226.629500
226.668300
226.693825
226.747950
226.765225
226.813550
226.832200
226.956275
227.123025
227.127975
227.157125
227.175450
227.187375
227.263175
227.306700
227.341875
227.418150
227.464475
227.495725
227.590975
227.630950
227.655475
227.684650
227.738225
227.758025
227.801475
227.823275
227.923625
227.940850
228.008975
228.022050
228.121950
228.184825
228.193375
228.434050
228.462050
228.474600
228.483850
228.493950
228.538300
228.620275
228.624700
228.703975
228.771000
228.936100
228.947050
228.975525
229.038200
229.050175
229.161625
229.177950
229.252700
229.264500
229.372525
229.402750
229.565175
229.669100
229.685750
229.732225
229.775525
229.815425
229.835100
229.861100
229.968500
229.998525
230.056500
230.131225
230.175225
230.232200
230.272525
230.302675
230.338125
230.371575
230.445550
230.450200
230.599125
230.626350
230.653175
230.691875
230.817200
230.852850
230.875950
230.941200
231.148750
231.513075
231.585675
231.591375
231.679750
231.723300
231.905000
231.960875
231.985900
232.009250
232.361400
232.376650
232.388325
232.480075
232.521650
232.556800
232.661225
232.672575
233.028400
233.068875
233.096000
233.144425
233.178075
233.233875
233.295725
233.306775
233.361125
233.393250
233.429125
233.472300
233.558425
233.617550
233.644750
233.679500
233.709225
233.727350
233.784125
233.801950
233.882625
233.896400
234.009475
234.105675
234.127375
234.242400
234.333775
234.431125
234.524950
234.547625
234.645875
234.662575
234.705600
234.734550
234.768425
234.934875
234.963000
234.999050
235.179850
235.233175
235.266775
235.420425
235.479775
235.512600
235.684025
235.754250
235.783575
236.114075
236.233525
236.253450
236.302875
236.523250
236.563800
236.583525
236.600000
236.657150
236.809650
236.836250
236.893900
236.917575
237.029250
237.115800
237.175925
237.203775
237.299000
237.434375
237.493650
237.667175
237.697950
237.726825
237.771200
237.830275
237.875400
237.924950
237.944375
238.083350
238.308375
238.541925
238.806800
238.872375
238.886750
238.999925
239.193725
239.383225
239.460375
239.643450
239.698275
239.742200
239.755075
239.779625
239.803050
239.827525
239.851100
239.954225
240.009850
240.353825
240.484025
240.552625
240.685850
240.691075
240.752250
240.801575
240.884075
240.905850
240.982500
241.022400
241.072500
241.154900
241.216525
241.245400
241.313750
241.378425
241.413850
241.449775
241.535700
241.553275
241.557025
241.634625
241.680050
241.800875
241.809950
241.879850
241.902800
241.906500
241.968775
241.979450
242.032250
242.065875
242.080825
242.141325
242.176125
242.211850
242.364550
242.383875
242.427775
242.579400
242.614125
242.645250
242.780650
242.835475
242.857250
242.866000
242.936900
242.966100
242.989400
243.057650
243.120300
243.145175
243.180475
243.249300
243.282900
243.355400
243.449625
243.463325
243.676475
243.704975
243.739875
243.764850
243.843700
243.873825
243.902500
243.939050
243.955150
244.031800
244.093175
244.111300
244.152300
244.183425
244.364225
244.392375
244.482800
244.505625
244.597650
244.616350
244.830500
244.872525
244.896350
244.927100
244.987025
244.998450
245.068425
245.102100
245.193975
245.302200
245.332050
245.340150
245.362725
245.407150
245.444800
245.511575
245.607550
245.657875
245.742625
245.812550
245.878150
245.968450
245.981075
246.010825
246.017925
246.085800
246.115750
246.288975
246.380525
246.410625
246.728750
246.756975
246.791075
246.808275
246.842725
246.898425
246.928400
246.959025
246.982775
247.080875
247.119775
247.219525
247.254750
247.338325
247.421275
247.497200
247.575575
247.711000
248.396400
248.432875
248.474175
248.494625
248.508675
248.705000
248.748475
248.800675
248.828075
248.884700
248.991325
249.000950
249.034675
249.076250
249.112775
249.174700
249.204675
249.234650
249.305350
249.343700
249.385900
249.511325
249.561225
249.578150
249.622625
249.635925
249.672750
249.714650
249.776075
249.829675
249.869100
249.914850
249.939125
250.029825
250.060350
250.101425
250.111975
250.122025
250.132000
250.165150
250.185375
250.212525
250.286550
250.440675
250.543725
250.607725
250.754000
250.882350
250.922425
250.953250
251.013300
251.096175
251.130575
251.144350
251.154250
251.228050
251.304950
251.383000
251.454950
251.497975
251.537175
251.694625
251.720925
251.751650
251.811125
251.839400
251.890925
251.896700
251.926150
252.070075
252.113725
252.143100
252.165100
252.232825
252.262400
252.297050
252.410175
252.445525
252.477400
252.512250
252.529400
252.603625
252.631100
252.660575
252.789850
252.802650
252.917125
252.925525
252.977700
253.006450
253.091775
253.115450
253.181175
253.220850
253.275525
253.285975
253.306500
253.339375
253.427375
253.468875
253.506850
253.562325
253.577550
253.602800
253.626500
253.635100
253.649525
253.749350
253.804525
253.851250
253.869025
253.982200
254.016825
254.047925
254.079650
254.214850
254.248175
254.283075
254.346500
254.448900
254.457450
254.527650
254.555950
254.612500
254.643475
254.735650
254.762225
254.864775
254.898750
254.922150
255.021575
255.084200
255.269400
255.309975
255.371925
255.396425
255.413900
255.471900
255.539225
255.578900
255.717000
255.759650
255.802625
255.875550
255.888800
255.947250
256.027025
256.156100
256.165825
256.409675
256.461950
256.476450
256.660450
256.713175
256.772375
256.852475
256.881800
256.915725
256.943525
256.978950
256.986825
257.053775
257.089525
257.198725
257.211625
257.288600
257.453525
257.489750
257.553250
257.678025
257.706625
257.725625
257.864350
257.964350
258.009075
258.019900
258.105650
258.120125
258.185000
258.207925
258.231900
258.391425
258.418275
258.431500
258.452900
258.477425
258.489100
258.554700
258.603125
258.678825
258.765525
258.818350
258.857550
258.878075
258.903975
258.955650
258.996900
259.024875
259.051050
259.070725
259.088900
259.172175
259.320350
259.364150
259.398300
259.415625
259.444375
259.470125
259.507750
259.548300
259.648475
259.681500
259.790600
259.814400
259.934275
259.947475
261.257550
261.421600
262.046125
262.294025
262.646175
262.677100
263.005225
263.227725
263.263075
263.935625
264.767950
265.473400
265.505025
265.527850
265.967125
266.119450
266.341875
266.621375
266.762375
266.792050
266.887425
266.971475
266.990150
267.016725
267.236350
267.248200
267.265375
267.305300
267.534250
267.671400
267.707200
267.778325
267.837900
267.846900
267.891925
268.072325
268.093500
268.215875
268.329450
268.440450
268.505550
268.842900
269.099300
269.117600
269.172400
269.202375
269.312200
269.495400
269.511325
269.703175
269.846325
269.872950
269.959550
270.046275
270.087850
270.097400
270.106750
270.126175
270.147575
270.160450
270.194250
270.213900
270.225500
270.260200
270.310550
270.334600
270.348125
270.402950
270.465800
270.474375
270.567750
270.582550
270.599100
270.655775
270.660725
270.680350
270.712750
270.752800
270.775300
270.842750
270.885825
270.962375
270.988625
271.003425
271.017225
271.037675
271.048275
271.061800
271.088025
271.129650
271.143450
271.153200
271.212675
271.246600
271.253600
271.309600
271.322950
271.405225
271.424500
271.440925
271.463150
271.475400
271.526300
271.551175
271.570150
271.576075
271.586350
271.623300
271.653425
271.717925
271.730650
271.746025
271.789675
271.817175
271.837050
271.869475
271.899475
271.964525
272.035525
272.039950
272.064100
272.083500
272.114575
272.121950
272.129700
272.158175
272.177300
272.233525
272.338350
272.353600
272.365475
272.382825
272.406575
272.417950
272.465400
272.498325
272.536275
272.575825
272.601425
272.662950
272.700825
272.771025
272.787050
272.843750
272.886000
272.903975
272.927300
273.020900
273.054800
273.100675
273.139950
273.146850
273.154225
273.226375
273.265825
273.281425
273.308425
273.323750
273.336350
273.351100
273.387675
273.404575
273.431375
273.473050
273.511750
273.530300
273.549075
273.570725
273.701525
273.718350
273.756200
273.808100
273.819550
273.856825
273.879875
273.927875
273.947750
273.982825
274.004750
274.026825
274.061700
274.188625
274.307425
274.320400
274.327125
274.402775
274.486350
274.529775
274.567225
274.575375
274.616550
274.745500
274.768650
274.794375
274.848300
274.867575
274.922625
274.943875
275.010000
275.033500
275.139350
275.168800
275.194075
275.296200
275.312775
275.343050
275.375575
275.389150
275.433625
275.476100
275.578725
275.605275
275.624550
275.662275
275.666400
275.679300
275.693825
275.756600
275.782175
275.865650
275.879325
275.894975
275.954850
275.989450
276.118175
276.250475
276.277100
276.307400
276.400000
276.512800
276.561700
276.582825
276.698700
276.725675
276.797725
276.858850
276.909225
276.927775
276.966425
277.037750
277.090375
277.110525
277.133825
277.180500
277.208725
277.222025
277.263375
277.363900
277.453225
277.519500
277.535450
277.558250
277.578350
277.590175
277.760950
277.777600
277.823900
277.864525
277.909750
277.932650
277.945075
277.986950
278.008800
278.059675
278.075250
278.091425
278.125550
278.218500
278.246250
278.262150
278.285875
278.298050
278.343425
278.386100
278.417525
278.479300
278.508875
278.553875
278.562925
278.603100
278.680450
278.700550
278.763325
278.825900
278.864550
278.880475
278.970975
279.124125
279.157225
279.194825
279.294825
279.346875
279.359350
279.409800
279.507450
279.523625
279.604075
279.622175
279.632975
279.673825
279.693000
279.703825
279.722250
279.769950
279.780125
279.894700
279.915300
279.955775
280.000675
280.020650
280.048125
280.060900
280.091375
280.111825
280.122475
280.125075
280.144850
280.174250
280.180700
280.196900
280.246250
280.275525
280.361500
280.386300
280.460025
280.475600
280.496050
280.565425
280.588200
280.601625
280.658975
280.691575
280.818625
280.904375
280.912250
280.985650
281.012725
281.048425
281.057000
281.100025
281.126450
281.225325
281.261875
281.272150
281.274750
281.326975
281.358425
281.366950
281.394100
281.432750
281.508350
281.531600
281.558350
281.737775
281.775675
281.811725
281.859400
281.927100
281.955900
282.007450
282.042725
282.101100
282.201825
282.239275
282.258675
282.303625
282.339450
282.399375
282.418800
282.497975
282.511775
282.532475
282.601925
282.624625
282.634425
282.640500
282.704975
282.738900
282.756700
282.824725
282.851850
282.975625
283.014700
283.096925
283.157200
283.265275
283.367650
283.391900
283.420500
283.426725
283.434400
283.460950
283.512625
283.605700
283.629925
283.682650
283.793075
283.847900
283.948950
284.071900
284.115300
284.139275
284.181450
284.212325
284.249475
284.354525
284.383875
284.391700
284.553925
284.582050
284.615225
284.651000
284.673700
284.693100
284.743150
284.770100
284.836900
284.970600
285.058900
285.106025
285.131675
285.152050
285.301400
285.411775
285.456900
285.495350
285.519075
285.563650
285.585300
285.636775
285.697875
286.169650
286.210800
286.294100
286.392375
286.407625
286.415725
286.461325
286.545250
286.581350
286.625050
286.647700
286.680175
286.711000
286.780950
286.803300
286.847750
286.883825
286.970250
287.053150
287.060375
287.161725
287.204475
287.301850
287.340100
287.364300
287.374900
287.414025
287.584500
287.595200
287.602450
287.646850
287.702850
287.732700
287.751000
287.971975
287.992050
287.997750
288.046050
288.111150
288.133500
288.256075
288.267150
288.356550
288.412675
288.500225
288.538450
288.569975
288.647650
288.734000
288.793150
288.811125
288.851950
288.865500
288.923700
288.944175
289.008675
289.254300
289.309300
289.326950
289.357000
289.366225
289.462325
289.559475
289.681275
289.819825
289.827500
289.873050
289.944350
289.981625
290.093350
290.182425
290.316375
290.385350
290.428350
290.488900
290.510625
290.626600
290.662325
290.714550
290.758100
290.813350
290.874350
290.937950
290.968300
291.088975
291.118900
291.139500
291.202775
291.218575
291.246750
291.259350
291.319625
291.339425
291.375100
291.406800
291.437300
291.799200
291.812675
291.836050
291.847800
291.858000
291.870900
291.891375
292.110775
292.140375
292.153475
292.163875
292.216400
292.256225
292.285775
292.326425
292.350275
292.361975
292.406075
292.447475
292.509800
292.667375
292.683500
292.700900
292.739800
292.761750
292.786250
292.801725
292.829925
292.835525
292.909600
293.065250
293.076250
293.175050
293.241825
293.247375
293.305550
293.397200
293.409475
293.430625
293.546075
293.568775
293.673750
293.750700
293.857700
293.903300
293.953925
293.993125
294.025950
294.132100
294.332225
294.378500
294.397050
294.420600
294.449225
294.475300
294.493725
294.557200
294.625450
294.808275
294.832175
294.884450
294.969200
295.007200
295.106150
295.133125
295.145225
295.170775
295.196675
295.208975
295.230350
295.331075
295.376625
295.446900
295.468275
295.478300
295.489775
295.507175
295.525225
295.602850
295.627900
295.660475
295.736275
295.751050
295.760800
295.802700
295.825800
295.870025
295.891700
295.897600
295.907775
295.956050
296.051900
296.088450
296.206300
296.224775
296.392575
296.413575
296.438250
296.493275
296.538425
296.573400
296.582000
296.604125
296.664700
296.696950
296.734975
296.746000
296.836950
296.867175
296.911350
296.925675
297.011600
297.044025
297.090850
297.135175
297.182450
297.212775
297.227850
297.277800
297.342650
297.372875
297.421600
297.480950
297.544425
297.560175
297.582650
297.596700
297.723200
297.729175
297.771925
297.782350
297.862825
297.869525
297.931875
298.059450
298.095425
298.136525
298.163750
298.169550
298.187850
298.196575
298.226225
298.324575
298.340450
298.396725
298.414575
298.460850
298.530125
298.623400
298.638150
298.683025
298.700925
298.721250
298.749400
298.769750
298.793400
298.817000
298.862725
298.890850
298.923025
298.999750
299.028650
299.041600
299.067150
299.113275
299.158025
299.169525
299.217500
299.253725
299.264375
299.334325
299.393975
299.410900
299.471975
299.526025
299.577325
299.632975
299.651000
299.711600
299.722425
299.765700
299.796075
299.891850
299.897650
300.022275
300.051050
300.168625
300.185750
300.214250
300.304625
300.325125
300.375450
300.385325
300.446800
300.459675
300.483875
300.494800
300.508975
300.528075
300.563825
300.589300
300.611750
300.649400
300.663000
300.669825
300.725125
300.775575
300.785775
300.854375
300.986875
301.020950
301.089225
301.128250
301.165325
301.202500
301.235350
301.308725
301.322325
301.352625
301.359875
301.387200
301.424800
301.447400
301.519900
301.584225
301.595125
301.696500
301.730350
301.759675
301.812000
301.843025
301.863875
301.868275
301.967450
302.007575
302.085925
302.156825
302.164325
302.240000
302.316325
302.377550
302.401200
302.423200
302.509700
302.718950
302.791650
302.836550
302.848475
302.870925
302.956500
302.975800
303.085325
303.122125
303.168425
303.187200
303.298225
303.318175
303.336750
303.353875
303.393475
303.468725
303.522175
303.541550
303.571700
303.604275
303.622125
303.676125
303.694950
303.768100
303.813450
303.902025
303.918325
303.949075
303.987500
304.081575
304.104700
304.162575
304.195100
304.300475
304.337675
304.350975
304.418175
304.490625
304.533850
304.591200
304.597475
304.654425
304.664575
304.688325
304.714800
304.840750
304.856100
304.933775
304.949700
304.968450
304.975525
304.985625
305.049900
305.100050
305.147150
305.159675
305.216200
305.284475
305.325375
305.331825
305.361400
305.407625
305.430825
305.442700
305.489300
305.521900
305.550525
305.568400
305.591475
305.599450
305.622675
305.626275
305.672600
305.686650
305.708575
305.722000
305.743450
305.768975
305.791925
305.817250
305.828475
305.862275
305.868300
305.987875
306.012700
306.042775
306.090975
306.107425
306.120675
306.128475
306.138275
306.142375
306.190925
306.277150
306.310175
306.329375
306.339150
306.355625
306.412850
306.432300
306.505100
306.513400
306.522350
306.537875
306.578925
306.587300
306.593100
306.607600
306.631400
306.690400
306.721075
306.757825
306.797900
306.918175
306.933300
306.935575
306.980225
307.012025
307.036150
307.066575
307.102400
307.115775
307.130625
307.187125
307.215600
307.246675
307.269200
307.288300
307.302400
307.329550
307.383450
307.412575
307.436625
307.542000
307.557350
307.592775
307.611200
307.777300
307.822825
307.879475
307.936300
307.958875
307.971375
308.013875
308.105675
308.122150
308.128300
308.139700
308.183500
308.201450
308.246200
308.354825
308.395925
308.498025
308.504350
308.544750
308.576775
308.610800
308.665375
308.713500
308.722075
308.732250
308.766000
308.789800
308.854275
308.903950
308.915200
308.946225
308.952625
308.982000
308.999150
309.029000
309.077150
309.108450
309.143050
309.167250
309.175000
309.223525
309.229525
309.299325
309.314650
309.372850
309.377775
309.495675
309.606125
309.660325
309.666350
309.738525
309.803725
309.818075
309.833975
309.850075
309.892450
309.912300
309.933600
309.969675
310.071325
315.412025
316.236725
316.377825
316.406925
316.868775
317.165475
317.212575
317.318400
317.416525
317.450525
317.536925
317.596625
317.640600
317.672700
317.819425
317.864850
317.889350
317.936675
317.973625
317.988225
318.182225
318.544350
318.562225
318.686025
318.784425
318.827200
318.916900
318.940100
318.952400
318.972300
319.039350
319.136950
319.156175
319.166150
319.413375
319.518275
319.558800
319.625300
319.644275
319.681250
319.695725
319.714300
319.791525
319.804275
319.836800
319.866300
319.902275
319.932825
319.995450
320.012050
320.029550
320.066425
320.078800
320.093275
320.101050
320.122375
320.138475
320.176550
320.196850
320.207900
320.256900
320.272125
320.303675
320.333500
320.354875
320.391175
320.414875
320.497175
320.507000
320.552275
320.606100
320.620450
320.629100
320.645800
320.658950
320.665000
320.698200
320.712875
320.730700
320.751175
320.905450
320.935375
320.966150
321.039575
321.096750
321.158525
321.244900
321.301250
321.317025
321.357225
321.368325
321.380700
321.385350
321.442200
321.500500
321.568100
321.576950
321.588000
321.609500
321.670875
321.715300
321.753150
321.780900
321.794925
321.807150
321.853625
321.868175
321.889725
321.942900
321.953425
321.995800
322.027700
322.032800
322.061425
322.079900
322.097775
322.168675
322.295375
322.318225
322.328200
322.337925
322.347400
322.374850
322.410925
322.456625
322.552000
322.560100
322.596050
322.633925
322.655300
322.675525
322.748775
322.869100
322.889800
322.897050
322.916150
323.006075
323.071425
323.087325
323.125800
323.195950
323.233375
323.261800
323.344075
323.386150
323.426000
323.440650
323.464850
323.471200
323.486850
323.598300
323.632175
323.642700
323.664325
323.770375
323.798900
323.830075
323.843600
323.890025
323.938325
324.008650
324.049650
324.074375
324.096650
324.173300
324.199450
324.247825
324.257650
324.286300
324.343225
324.354650
324.368675
324.395650
324.402200
324.519775
324.567150
324.652000
324.689950
324.760200
324.794375
324.880775
324.915850
324.942500
324.959650
325.064625
325.088800
325.099400
325.120500
325.138400
325.188475
325.234925
325.356775
325.408950
325.459725
325.572625
325.588800
325.615925
325.644650
325.771300
325.811875
325.882625
325.935950
325.971975
326.053525
326.071025
326.134900
326.170325
326.226325
326.260700
326.268100
326.302975
326.359000
326.441650
326.544425
326.555775
326.567850
326.615650
326.623475
326.640650
326.648925
326.687500
326.716125
326.741125
326.825200
326.875050
326.879250
326.966150
327.024700
327.039500
327.061750
327.090625
327.203650
327.217275
327.223000
327.252325
327.275625
327.328175
327.472900
327.537600
327.546775
327.562000
327.595925
327.628325
327.657225
327.666225
327.708000
327.747300
327.760125
327.771800
327.782975
327.822325
327.830625
327.842550
327.876525
327.911175
327.925875
327.932650
327.949175
327.965100
327.971500
327.984375
328.018750
328.052175
328.068575
328.120625
328.233025
328.238525
328.308000
328.319075
328.388150
328.490400
328.520700
328.539650
328.563375
328.587850
328.609650
328.635625
328.930325
328.951200
328.977675
329.021775
329.084025
329.186200
329.281325
329.330550
329.372350
329.391225
329.428700
329.471950
329.478125
329.544725
329.655350
329.668975
329.747100
329.752525
329.832075
329.849450
329.949275
329.975250
330.020375
330.036425
330.044750
330.076175
330.144050
330.161750
330.203500
330.273950
330.352350
330.404825
330.442525
330.460475
330.545150
330.607375
330.675000
330.768400
330.803350
330.879450
330.918400
330.946525
331.036175
331.043425
331.108650
331.147200
331.176375
331.192150
331.217350
331.290000
331.329550
331.372625
331.392600
331.434950
331.470675
331.496675
331.519175
331.638100
331.661575
331.680100
331.730225
331.740700
331.801675
331.900525
331.979425
332.112175
332.244875
332.427250
332.504600
332.529425
332.603500
332.689575
332.787675
332.803500
332.862375
333.079700
333.099650
333.200850
333.221100
333.305200
333.317125
333.326325
333.340150
333.503400
333.516425
333.575025
333.685875
333.708050
333.855950
333.915150
334.003625
334.108375
334.142275
334.171975
334.185975
334.252450
334.309200
334.333725
334.378125
334.393925
334.426025
334.511550
334.536475
334.578375
334.618800
334.635175
334.744125
334.791050
334.798775
334.817400
334.848250
334.852750
334.917325
334.934700
334.949975
334.974325
335.002400
335.153025
335.231600
335.276525
335.319275
335.338950
335.388575
335.392375
335.436125
335.458750
335.469150
335.539400
335.562075
335.573175
335.598275
335.668100
335.674125
335.774825
335.800750
335.950075
336.013975
336.036350
336.118725
336.127525
336.170375
336.186850
336.268575
336.308575
336.474100
336.508325
336.581275
336.607800
336.659800
336.677550
336.812025
336.891425
336.919775
336.934225
337.028025
337.065175
337.071000
337.199100
337.241650
337.283750
337.316075
337.439725
337.518150
337.525800
337.545500
337.577000
337.587550
337.632550
337.660925
337.696700
337.737150
337.758525
337.773525
337.826675
337.905075
337.943475
337.986150
338.013525
338.063975
338.086300
338.110575
338.141525
338.296500
338.323300
338.351800
338.361075
338.403250
338.433600
338.479325
338.491900
338.534800
338.596375
338.606975
338.720375
338.732250
338.744050
338.766025
338.830175
338.856075
338.869375
338.908550
338.988025
339.053250
339.062125
339.132900
339.194950
339.217275
339.234875
339.297575
339.410125
339.432875
339.469075
339.483475
339.520075
339.544075
339.589550
339.617725
339.628100
339.673750
339.698125
339.777575
339.884850
339.917925
339.930525
339.985525
340.052050
340.082425
340.147575
340.160500
340.186525
340.217275
340.266575
340.355725
340.391275
340.458650
340.486050
340.585875
340.714775
340.759825
340.868850
340.878600
340.898375
340.959750
341.004350
341.037850
341.124925
341.151525
341.192475
341.230725
341.293225
341.335175
341.403100
341.426575
341.535750
341.554800
341.623625
341.699450
341.722900
341.836300
341.924500
341.960300
341.995225
342.012950
342.039450
342.107475
342.152775
342.177050
342.194325
342.222050
342.252025
342.260625
342.340400
342.424200
342.443875
342.461400
342.473375
342.500475
342.534700
342.579700
342.625275
342.647825
342.654625
342.694825
342.724200
342.782950
342.829625
342.843225
342.931850
342.966575
342.987250
343.041875
343.085425
343.124075
343.162850
343.187325
343.207875
343.243450
343.300725
343.367350
343.407100
343.491800
343.521825
343.587500
343.623550
343.669350
343.723900
343.749600
343.788275
343.803775
343.832525
343.895825
343.913875
343.969925
344.003900
344.066075
344.134225
344.159600
344.229650
344.273250
344.296775
344.400500
344.410150
344.480725
344.533950
344.565950
344.725625
344.747700
344.796075
344.852525
344.887000
344.902925
344.936975
344.985025
344.997450
345.033575
345.050350
345.097250
345.230750
345.241450
345.337575
345.377350
345.418675
345.445675
345.468925
345.501050
345.509800
345.534775
345.583800
345.839100
345.887725
345.974925
346.141225
346.172950
346.209500
346.280925
346.303325
346.388725
346.462950
346.505750
346.535475
346.632200
346.719650
346.739025
346.763075
346.831700
346.892825
346.972525
346.988300
347.024200
347.105775
347.122350
347.168600
347.180450
347.239450
347.261675
347.316925
347.339000
347.357700
347.444225
347.456025
347.489675
347.557350
347.617850
347.715200
347.721750
347.775775
347.797500
347.834675
347.892725
347.924600
347.981500
348.051250
348.085400
348.161450
348.234000
348.274425
348.291000
348.373650
348.434725
348.454725
348.471750
348.490875
348.546425
348.780225
348.806725
348.838500
348.872875
348.955400
349.010000
349.072150
349.094050
349.114875
349.139850
349.169150
349.179800
349.212850
349.268450
349.282700
349.348300
349.432125
349.478025
349.490275
349.567050
349.761625
349.769500
349.892500
350.009200
350.063500
350.073925
350.104400
350.115375
350.250725
350.270325
350.320700
350.336800
350.377925
350.385850
350.397525
350.462075
350.590400
350.829725
350.872725
350.894825
350.955325
350.968600
351.012800
351.023200
351.064925
351.195100
351.216550
351.240475
351.268500
351.286150
351.311225
351.332175
351.348850
351.368950
351.430225
351.472150
351.561225
351.583125
351.620275
351.649825
351.666575
351.721950
351.781000
351.875025
351.907000
352.001300
352.045500
352.080325
352.121875
352.179700
352.194200
352.280400
352.361225
352.376600
352.398475
352.416400
352.494575
352.526800
352.549300
352.615700
352.675725
352.720300
352.743000
352.764175
352.790300
352.815425
352.844950
352.896925
352.960050
353.049500
353.139150
353.243025
353.269775
353.372575
353.403925
353.520425
353.557150
353.570200
353.633275
353.697250
353.744225
353.776750
353.826425
353.871975
353.877475
354.012700
354.029050
354.160450
354.228600
354.252450
354.261475
354.321775
354.448575
354.488150
354.544450
354.643000
354.664275
354.700975
354.737075
354.834700
354.850025
354.889500
354.916725
354.925725
354.936000
354.977350
355.043275
355.084000
355.198400
355.297925
355.311125
355.724975
355.832825
355.877375
356.008375
356.023800
356.060850
356.113375
356.132725
356.317300
356.342550
356.379500
356.435875
356.477725
356.609025
356.686850
356.701525
356.820250
356.855250
356.905975
356.993125
357.040400
357.052675
357.066175
357.102025
357.167575
357.225250
357.253725
357.337675
357.380600
357.442925
357.577425
357.598225
357.697400
357.709625
357.772575
357.851750
357.913500
357.943475
357.972050
358.005625
358.079150
358.111125
358.156775
358.226675
358.286950
358.366375
358.409775
358.438225
358.475350
358.480325
358.498400
358.711225
358.733075
358.769650
358.800225
358.816950
358.870175
359.049225
359.112075
359.178850
359.292250
359.711350
360.032900
363.992050
364.032675
364.174025
364.601650
365.542925
367.029425
367.088975
367.186625
368.002200
368.196800
368.260800
368.281975
368.312600
368.400800
368.466250
368.506000
368.539600
368.581950
368.636950
368.706550
368.740825
368.761975
368.775550
368.960950
368.987000
368.993725
369.102350
369.135800
369.281400
369.391700
369.495425
369.576075
369.632875
369.768300
369.882775
370.080725
370.093700
370.107600
370.121100
370.154250
370.202400
370.283625
370.313025
370.377700
370.418700
370.449775
370.491650
370.519450
370.541550
370.575150
370.593125
370.617950
370.678350
370.696625
370.702000
370.717000
370.758625
370.800325
370.823825
370.881800
370.932575
370.939350
371.009525
371.044800
371.103475
371.131650
371.195150
371.201125
371.233150
371.261925
371.363025
371.380100
371.406525
371.509925
371.572300
371.606400
371.635325
371.788025
371.871950
371.909150
371.972550
372.011775
372.049725
372.078025
372.084550
372.168025
372.216050
372.246075
372.271300
372.352300
372.369375
372.466750
372.500700
372.509475
372.711325
372.806025
372.826250
372.837975
372.931175
372.956500
373.145550
373.189550
373.220175
373.244225
373.341750
373.348575
373.507775
373.584075
373.598575
373.649500
373.689600
373.718625
373.728975
373.779500
373.849925
373.895925
373.913650
374.027875
374.076975
374.092025
374.166625
374.237850
374.412825
374.506825
374.607950
374.703700
374.737975
374.772850
374.857400
374.897050
374.940675
375.031675
375.106275
375.161150
375.361250
375.388900
375.416475
375.449225
375.473750
375.532900
375.642600
375.808775
375.839225
375.883525
375.966600
376.063975
376.144150
376.218125
376.278300
376.445850
376.544025
376.588900
376.688500
376.708450
376.757575
376.780950
376.972075
377.007150
377.039900
377.146950
377.185925
377.314875
377.357775
377.386150
377.392800
377.436525
377.589500
377.794575
377.834825
377.892550
377.921225
377.982950
378.038300
378.258100
378.278125
378.312525
378.363450
378.433150
378.483875
378.627775
378.755550
378.894075
378.915950
378.950575
378.993175
379.183000
379.362825
379.520550
379.611000
379.657850
379.792025
379.891975
379.913875
379.971675
380.014000
380.046025
380.051800
380.128100
380.138475
380.199175
380.265100
380.443250
380.522125
380.607725
380.667725
380.681725
380.784375
380.815950
380.924125
381.095650
381.406675
381.528900
381.562825
381.586675
381.723600
381.819600
381.893750
381.996500
382.033275
382.139850
382.249875
382.271975
382.303650
382.333125
382.450950
382.631175
382.680825
382.716200
382.726000
382.832025
382.892850
382.916925
382.942050
382.981350
383.104350
383.170950
383.251525
383.284850
383.506525
383.592925
383.675375
383.690125
383.897825
383.934475
383.943700
383.991975
384.065275
384.167950
384.193550
384.229975
384.281125
384.387425
384.498750
384.532500
384.606775
384.648225
384.711050
385.137775
385.146700
385.190525
385.246025
385.299600
385.330000
385.403075
385.454300
385.478600
385.574150
385.622925
385.658600
385.696475
385.947725
385.957475
386.045600
386.148950
386.192575
386.204850
386.422400
386.438825
386.571675
386.684750
386.719450
386.779725
386.818075
386.990800
387.102650
387.157925
387.177800
387.202850
387.280300
387.303125
387.349150
387.399475
387.443475
387.489325
387.600925
387.647000
387.656950
387.726225
387.757600
387.791850
387.961675
387.989725
388.053800
388.094400
388.120950
388.137850
388.146175
388.192925
388.247975
388.263975
388.422900
388.525950
388.703425
388.779150
388.930625
388.968575
389.166250
389.187900
389.206000
389.354100
389.401225
389.455725
389.514150
389.623975
389.676325
389.736950
389.829950
389.881350
390.031775
390.099950
390.188450
390.232450
390.267725
390.381250
390.460800
390.595000
390.669250
390.717675
390.754175
390.877000
390.930825
390.971550
391.026400
391.088975
391.294600
391.358400
391.391100
391.441300
391.534100
391.755800
391.905700
392.008150
392.029600
392.104850
392.134800
392.201400
392.374750
392.431650
392.522925
392.551775
392.623125
392.653225
392.796275
392.837575
392.866525
392.907750
392.977950
393.195800
393.206675
393.211850
393.279450
393.340250
393.423300
393.481550
393.543050
393.554950
393.741075
393.794550
394.089600
394.275750
394.388700
394.537225
394.576875
394.654525
394.663175
394.714075
395.057525
395.080775
395.257425
395.378575
395.475775
395.579250
395.672200
395.734825
395.858150
395.931975
395.964550
396.280850
396.337325
396.440425
396.867425
396.906325
396.958400
397.065800
397.152775
397.233950
397.298050
397.646100
397.724075
397.853875
397.876800
397.883475
398.041100
398.077950
398.115000
398.215200
398.363800
398.766900
398.802925
398.859600
398.904750
398.954325
399.072975
399.140075
399.289475
399.408125
399.426225
399.473475
399.538300
399.590450
399.747175
399.767625
399.811425
399.910900
399.985900
400.029225
400.180500
400.225850
400.293075
400.314950
400.379250
400.481975
400.629900
400.706275
400.734050
400.810150
400.910700
400.957650
401.046525
401.069175
401.159975
401.179975
401.214100
401.253300
401.561075
401.758050
401.818850
401.947500
402.283450
402.335975
402.494650
402.561775
402.722950
403.174825
403.247275
403.313875
403.340225
403.367850
403.394100
403.404775
403.424100
403.589425
403.599925
403.698725
403.763225
403.960675
403.966275
404.150825
404.184200
404.251525
404.296200
404.436950
404.573025
404.627925
404.738700
404.757150
404.858000
404.892125
404.932450
404.959125
405.032300
405.076550
405.186925
405.445425
405.537625
405.661650
405.756700
405.773500
405.858400
405.874100
406.103575
406.121075
406.178450
406.290575
406.337825
406.364650
406.394425
406.551425
406.561675
406.591875
406.712175
407.002175
407.196200
407.287050
407.298900
407.437300
407.444650
407.608700
407.855250
407.881325
407.979275
408.013625
408.052750
408.071900
408.129425
408.165075
408.222675
408.247500
408.278075
408.482950
408.505000
408.580225
408.727625
408.740650
408.796975
409.112650
409.215100
409.215950
409.282450
409.334725
409.485700
409.645200
409.706975
409.814825
409.851175
409.943100
409.953350
409.965125
410.009075
410.025650
410.070350
414.292925
416.507100
416.539950
416.564700
417.431550
417.702300
418.171000
418.410175
418.484675
418.656050
418.786225
418.988800
419.007450
419.163550
419.226175
419.261100
419.437125
419.513700
420.017425
420.078900
420.098850
420.150550
420.164675
420.209725
420.289425
420.320775
420.381475
420.396100
420.539200
420.577175
420.585275
420.747875
420.826225
420.918225
420.956950
421.022950
421.094450
421.114825
421.159775
421.269200
421.479875
421.536025
421.761975
421.908100
421.969950
422.130075
422.184450
422.203000
422.414900
422.452950
422.461500
422.638950
422.720825
422.753600
422.770875
422.927725
423.114600
423.154375
423.203000
423.297950
423.346150
423.378225
423.455825
423.477975
423.494100
423.516550
423.551350
423.623675
423.684525
423.708900
423.746425
423.797750
424.113000
424.123825
424.219325
424.284050
424.294350
424.497450
424.613475
424.657750
424.737475
424.764875
424.908450
424.936575
425.036250
425.218000
425.334125
425.383875
425.390000
425.545050
425.595700
425.753150
425.796575
426.031975
426.146675
426.180100
426.213400
426.322650
426.344550
426.504200
426.676275
426.781225
427.248525
427.373650
427.427050
427.493925
427.564000
427.642650
427.752300
427.877025
427.941275
427.966300
428.040850
428.165400
428.279025
428.297025
428.311775
428.444225
428.496950
428.622475
428.651150
428.685175
428.733550
428.812025
428.958175
429.047675
429.173125
429.300000
429.440200
429.455850
429.548875
429.706650
429.748900
429.885125
429.921025
429.969725
430.015025
430.079525
430.133525
430.264300
430.375125
430.439075
430.473950
430.549375
430.605100
430.620750
430.681350
431.013625
431.057300
431.409800
431.446575
431.464925
431.546350
431.552500
431.651400
431.833800
431.869100
431.976000
432.295050
432.354500
432.726775
432.887000
432.915300
433.037225
433.052725
433.161175
433.203275
433.326950
433.403325
433.417325
433.494925
433.527275
434.028475
434.135800
434.488200
434.504625
434.637450
434.714900
434.729100
434.760300
434.788575
434.797950
435.052875
435.120875
435.274625
435.303700
435.442375
435.463675
435.555025
435.706525
435.758975
435.906925
435.921500
435.938250
435.953325
436.084325
436.142075
436.313800
436.929450
436.994400
437.066200
437.138175
437.164250
437.371125
437.412875
437.544200
437.768650
437.830100
437.861400
437.919675
437.930225
438.271450
438.335275
438.418275
438.536625
438.559350
438.585275
438.824550
439.078925
439.257575
439.557900
439.645425
439.680075
439.706175
440.041725
440.071425
440.078850
440.181225
440.302575
440.320950
440.408100
440.429250
440.472000
440.579150
440.600050
440.622600
440.803350
440.901125
440.917300
441.100625
441.154550
441.297925
441.407475
441.548750
441.619300
441.655900
441.674875
441.687475
441.767625
441.790475
441.882575
441.919525
441.935525
441.958550
442.176175
442.263575
442.273850
442.285900
442.406875
442.516400
442.744350
442.769825
442.853250
443.038675
443.116425
443.175150
443.278700
443.349425
443.474175
443.694225
443.706350
443.744975
443.901925
443.998025
444.038975
444.112500
444.154325
444.349475
444.387750
444.471900
444.603325
444.733600
444.851325
444.859250
444.914775
444.962475
445.130425
445.269475
445.279875
445.389950
445.423075
445.504425
445.894500
445.982400
446.126400
446.419200
446.425750
446.508850
446.654175
446.663650
446.848100
446.957125
447.233800
447.317225
447.352975
447.492175
447.692475
447.837725
447.862700
447.908450
447.963575
448.033750
448.228050
448.244575
448.267425
448.474100
448.602400
448.629075
448.774350
448.863700
448.879775
449.118125
449.178200
449.581475
449.659150
449.702675
449.783150
449.795650
449.810300
449.987925
450.021850
450.105825
450.156800
450.205425
450.325325
450.393025
450.491625
450.534650
450.626700
450.637625
450.744150
450.773525
450.949775
450.984500
451.058850
451.157175
451.268650
451.319500
451.451900
451.529150
451.695550
451.914200
451.971750
451.993175
452.046450
452.166500
452.191575
452.203100
452.209000
452.214000
452.253200
452.305650
452.441625
452.596100
452.638925
453.004375
453.046550
453.052975
453.168525
453.215150
453.285425
453.388400
453.518300
453.578650
453.591650
453.662725
453.685550
454.110075
454.148000
454.176775
454.395425
454.453475
454.504800
454.688725
454.730625
454.816925
455.007400
455.239375
455.330350
455.350575
455.408400
455.476675
455.512800
455.528975
455.597725
455.690300
455.706900
455.785675
455.933400
456.029725
456.318750
456.393950
456.452875
456.490050
456.523025
456.543100
456.566375
456.616650
456.652475
456.982650
457.067250
457.096050
457.130225
457.160775
457.170250
457.215975
457.458625
457.571675
457.632200
457.660250
457.680750
457.762600
457.768825
457.871950
457.957625
458.257100
458.294025
458.385425
458.456025
458.619475
458.651775
458.737375
458.745525
458.788225
458.811875
458.930975
458.935975
458.947250
459.095450
459.152125
459.246200
459.425175
459.549350
459.601275
459.653500
459.676500
459.867250
459.884475
459.925225
459.963200
463.972675
466.257475
467.643500
468.059325
468.303325
468.561100
468.658225
468.686200
468.711325
469.192075
469.208275
469.398875
469.474875
469.534850
469.678375
469.705675
469.774025
470.074700
470.086450
470.101000
470.139350
470.242625
470.319350
470.415400
470.440675
470.445975
470.669100
470.718125
470.766475
470.813950
470.974700
471.083125
471.233825
471.289850
471.344975
471.368700
471.383600
471.533175
471.575475
471.779725
471.859150
472.007400
472.151775
472.159075
472.255625
472.444175
472.482450
472.547675
472.630350
472.666725
472.680675
472.734950
472.845275
472.857500
472.879125
472.885525
473.178475
473.272450
473.343625
473.479825
473.502750
473.513950
473.531900
473.655700
473.805500
473.892875
474.110100
474.236725
474.250925
474.282650
474.333100
474.641550
474.665100
474.755950
474.912250
474.944725
475.107125
475.301700
475.313550
475.339000
475.474700
475.550900
475.602500
475.746275
475.791475
475.892600
475.896800
475.931475
476.034350
476.045525
476.070500
476.085050
476.268775
476.474425
476.526450
476.533650
476.696300
476.715000
476.793050
476.830475
476.883550
476.976325
477.012425
477.087075
477.093350
477.204475
477.259750
477.267825
477.605400
477.867850
478.004625
478.018475
478.081925
478.434275
478.578100
478.776975
478.832300
479.005225
479.073400
479.246525
479.305125
479.337400
479.418350
479.455100
479.568675
479.763525
479.798375
479.851200
479.921425
479.985825
480.011100
480.014500
480.040425
480.053775
480.085400
480.177825
480.219325
480.297825
480.345400
480.361975
480.372100
480.449025
480.530175
480.607750
480.734900
480.799025
480.859575
481.044700
481.063300
481.154675
481.203050
481.288500
481.426250
481.482375
481.512075
481.573975
481.811525
481.948075
482.101175
482.118175
482.163300
482.210200
482.362250
482.375625
482.606950
482.671600
482.947475
483.063250
483.196525
483.202025
483.244300
483.280150
483.325075
483.379125
483.390725
483.413750
483.496625
483.565900
483.602325
483.695775
484.170275
484.185950
484.229725
484.283025
484.387000
484.430525
484.469475
484.714275
484.774250
485.009750
485.112075
485.154350
485.190675
485.296350
485.397650
485.486850
485.637800
485.846225
485.933300
486.172800
486.209175
486.316325
486.390350
486.488525
486.719000
486.903700
487.001050
487.441050
487.787225
487.793925
487.931250
488.222525
488.268575
488.408600
488.482675
488.532800
488.587425
488.691350
488.743250
488.760775
488.940600
489.052500
489.076100
489.242625
489.297350
489.347550
489.368200
489.388600
489.459225
489.523225
489.556875
489.573500
489.610575
489.703700
489.830100
489.842125
490.116175
490.146500
490.191350
490.233850
490.336500
490.508625
490.556625
490.644075
490.729600
490.884900
491.108500
491.125350
491.228425
491.238875
491.245350
491.648650
491.797850
491.938000
492.020400
492.079325
492.157250
492.236400
492.512675
493.138525
493.178750
493.201300
493.318575
493.416550
493.438800
493.484025
493.630100
493.631100
493.805900
493.863825
494.004075
494.028425
494.041125
494.088175
494.305725
494.411500
494.443475
494.470025
494.512575
494.523600
494.762350
494.786950
494.862575
494.878225
494.966950
494.994175
495.012925
495.089075
495.353425
495.415000
495.461475
495.625775
495.656475
495.696675
495.841850
495.887475
496.079125
496.319525
496.332675
496.359675
496.468950
496.643200
496.775100
496.804750
496.839675
496.851825
497.042325
497.126775
497.264275
497.273275
497.299525
497.394700
497.447125
497.521450
497.587175
497.623900
497.863575
497.958725
498.020750
498.061350
498.307300
498.395500
498.539250
498.628200
498.976225
499.059650
499.308150
499.504550
499.569950
499.621350
499.705350
499.865575
499.949425
500.002950
500.104950
500.249050
500.287100
500.426000
500.596975
500.659425
501.070850
501.168050
501.206175
501.217875
501.288750
501.311200
501.372300
501.475875
501.661200
501.678100
501.786575
501.907975
502.106825
502.133725
502.263700
502.270600
502.459025
502.577675
502.600450
502.878325
502.953250
502.976850
503.081900
503.137175
503.337850
503.373425
503.428250
503.440350
503.497325
503.883500
504.068225
504.257550
504.308050
504.343250
504.350375
504.383725
504.411750
504.506725
504.531250
504.617925
504.685325
504.698925
504.877150
504.981350
505.183225
505.362675
505.490425
505.586525
505.686550
505.705275
505.816750
506.200550
506.239125
506.489975
506.518675
506.724750
506.728750
506.842500
506.891200
506.909575
506.968350
507.457400
507.515700
507.906875
507.941025
508.245475
508.442800
509.129700
509.216600
509.371775
509.637625
509.666275
509.852775
509.898600
509.907700
509.919300
509.946225
509.977025
510.042750
515.491225
515.506800
516.425400
516.864075
517.287025
517.296725
517.347600
517.807875
518.199450
518.535225
518.885450
518.916025
519.015975
519.259000
519.465325
519.887050
520.066275
520.084325
520.100425
520.114675
520.159475
520.221175
520.303775
520.330000
520.359050
520.393725
520.431800
520.472850
520.545300
520.846625
520.904450
520.983000
521.042525
521.069450
521.101200
521.264900
521.498750
521.508975
521.581375
521.614425
521.645175
521.671725
521.791000
521.933550
522.005875
522.018550
522.142025
522.151425
522.190400
522.214750
522.249725
522.276150
522.352725
522.386575
522.417725
522.466275
522.607650
522.688875
522.817100
522.961750
523.088625
523.150350
523.172850
523.204300
523.286250
523.540550
523.671350
523.710175
523.819500
523.912475
523.922175
523.948175
523.956400
524.004525
524.044600
524.070900
524.230725
524.390175
524.397700
524.403075
524.416500
524.483800
524.518275
524.616800
524.648250
524.784950
524.843925
524.863225
524.896725
524.971325
525.024500
525.093350
525.343550
525.556925
525.568100
525.682275
525.826925
525.904125
525.974225
526.056475
526.075525
526.180600
526.203525
526.227925
526.268500
526.327550
526.408400
526.538325
526.621825
526.753950
526.776925
527.049525
527.089700
527.098725
527.161325
527.209475
527.330200
527.383175
527.424075
527.543075
527.754075
527.804575
527.812250
527.822125
527.856975
528.032375
528.307125
528.424625
528.431700
528.662075
528.898075
529.045625
529.152325
529.175250
529.184725
529.217550
529.237450
529.390800
529.593200
529.618925
529.738400
529.926925
529.951700
530.083950
530.288025
530.491250
530.622650
530.664000
530.715725
530.810100
530.946925
531.291425
531.347575
531.486225
531.983925
531.994650
532.080850
532.133750
532.151200
532.390050
532.552850
532.610075
532.667400
532.704575
532.721425
532.784225
532.791250
532.835850
532.846300
533.115650
533.352075
533.405950
533.588750
533.660425
533.666450
533.684950
533.817650
533.895625
533.934450
534.027200
534.058125
534.098625
534.435350
534.564450
534.628100
534.736650
534.787125
534.973450
535.007475
535.233225
535.245425
535.264350
535.435350
535.527925
535.558225
535.706525
536.036125
536.042525
536.088150
536.135200
536.457525
536.490125
536.580950
536.610775
536.950000
536.971875
537.202525
537.216800
537.230250
537.295400
537.591925
537.655950
537.713575
537.725375
537.842975
537.899550
538.044825
538.056150
538.083700
538.123100
538.145275
538.474750
538.865625
538.990475
539.105175
539.113275
539.192400
539.376825
539.465200
539.614675
539.640325
539.651575
539.665000
539.708700
539.993775
540.001850
540.042075
540.130925
540.205000
540.525175
540.562350
540.660100
540.669450
540.825450
541.021400
541.095975
541.143450
541.259925
541.325200
541.552550
541.700700
541.758775
541.793150
541.887425
542.035250
542.192100
542.208600
542.344875
542.366325
542.634675
542.728850
543.084700
543.457100
543.529575
543.603800
543.679375
543.750975
543.762025
543.855325
543.947675
544.070225
544.116300
544.124825
544.406200
544.535150
544.610350
544.659350
544.757525
544.816775
545.222150
545.540875
545.605550
545.652975
545.703775
545.725725
545.737750
545.815025
545.871775
545.899800
545.969600
546.113750
546.337025
546.739775
546.842725
546.924950
547.050275
547.146525
547.227850
547.353850
547.543875
547.605025
547.905600
548.125150
548.147100
548.274175
548.304750
548.531825
548.589725
548.795225
548.853000
548.894600
549.084900
549.152975
549.249100
549.336350
549.516325
549.536225
549.731675
549.743225
549.911150
