# # All spikes for Neuron
0.193450
0.375150
0.604625
0.692950
0.734025
0.804475
0.950625
1.085775
1.241550
1.502025
1.607525
1.664675
1.815225
1.894000
2.008700
2.106475
2.192850
2.407225
2.608375
2.713975
2.778700
2.855425
2.980575
3.039150
3.115050
3.201675
3.328975
3.510025
3.634275
3.915925
4.045000
4.117225
4.213625
4.302625
4.408600
4.529725
4.720250
4.988675
5.185400
5.275775
5.337875
5.386900
5.628100
5.802775
5.894425
6.032050
6.352250
6.422550
6.503200
6.644000
6.700500
6.768175
6.922175
6.985875
7.057975
7.140425
7.233675
7.302375
7.389525
7.477400
7.545275
7.652100
7.745625
7.864500
8.096825
8.262050
8.386825
8.486275
8.674600
8.731400
8.802000
8.919275
9.006275
9.083075
10.442250
10.497600
10.539700
10.541875
10.588250
10.712050
10.765725
10.785125
10.822000
10.853200
10.870475
10.937900
10.989525
11.013925
11.042600
11.055200
11.160425
11.208225
11.250400
11.261325
11.292200
11.311525
11.383725
11.391725
11.416975
11.437500
11.447500
11.472375
11.479350
11.486325
11.635125
11.655550
11.685175
11.703200
11.723625
11.740700
11.750300
11.774600
11.791350
11.819075
11.840600
11.868300
11.881425
11.916600
12.018325
12.047825
12.078400
12.100775
12.201425
12.315300
12.366125
12.374700
12.389625
12.402250
12.425975
12.445875
12.478350
12.539850
12.555850
12.640475
12.664325
12.680875
12.700675
12.728525
12.821575
12.850225
12.868150
12.897375
12.918300
12.935100
12.948775
12.968300
12.991250
13.007200
13.054450
13.109475
13.154100
13.179475
13.202000
13.245425
13.259100
13.283425
13.304050
13.318100
13.353050
13.380975
13.421275
13.458900
13.499525
13.518125
13.542125
13.590025
13.599100
13.629175
13.650250
13.671650
13.689300
13.704725
13.728225
13.744250
13.780750
13.805450
13.853700
13.893575
13.915050
13.940625
13.962075
13.989500
14.026225
14.076425
14.108550
14.147000
14.201325
14.271450
14.313850
14.326700
14.403050
14.580100
14.663725
14.693725
14.712300
14.753550
14.786700
14.802725
14.817275
14.832925
14.849375
14.862850
14.885875
14.894900
14.910100
14.931900
14.949125
14.969200
14.988500
15.005650
15.031425
15.047725
15.069975
15.094000
15.204700
15.230400
15.267300
15.298500
15.334650
15.361025
15.375650
15.405050
15.429600
15.451700
15.462425
15.473825
15.492175
15.515875
15.539950
15.659200
15.679400
15.698400
15.718325
15.755925
15.789450
15.837350
15.951000
15.978625
16.041425
16.074225
16.099050
16.141225
16.150525
16.196225
16.251025
16.288500
16.317600
16.336800
16.437750
16.478125
16.505375
16.543975
16.569725
16.589475
16.605725
16.653725
16.666850
16.688500
16.713950
16.735600
16.768325
16.900300
16.919675
16.938725
16.961700
16.988525
17.010750
17.038850
17.067550
17.091925
17.126625
17.166500
17.194400
17.214550
17.235400
17.264600
17.289075
17.305375
17.328200
17.372250
17.436900
17.489850
17.504200
17.533200
17.549850
17.576175
17.604225
17.666375
17.690150
17.727675
17.806250
17.827275
17.918700
17.992000
18.514050
18.725350
19.028950
19.241900
19.370875
19.500725
19.630375
20.233150
20.392450
20.681775
20.841650
20.960900
21.099275
21.201300
21.341800
21.381325
21.463250
21.635175
21.766900
21.877500
21.942550
22.095100
22.186625
22.236925
22.362200
22.572175
22.940150
23.013800
23.593150
23.860425
24.076025
24.265900
24.359000
24.430850
24.482075
24.738825
24.930925
25.162500
25.294300
25.398850
25.450450
25.772125
25.868600
25.935375
26.154875
26.307275
26.366450
26.442425
26.620950
26.715000
26.804600
26.862325
27.123400
27.228000
27.586100
27.677975
27.783075
27.963450
28.115225
28.171700
28.235550
28.378100
28.517975
28.660600
28.744850
28.838200
29.095525
29.189625
29.250800
29.606175
29.859275
30.009700
30.280225
30.403250
30.563525
30.649125
30.731700
30.842750
31.037375
31.177550
31.554200
31.699825
31.933200
32.151200
32.204875
32.374775
32.551650
32.793700
32.870125
33.092925
33.512750
33.653800
33.866425
34.133250
34.262225
34.315750
34.564250
34.884925
35.110275
35.156775
35.257175
35.298800
35.431150
35.803475
35.966950
36.025875
36.111975
36.149950
36.218025
36.392050
36.439300
36.500625
37.654400
37.902175
37.994175
38.027850
38.396700
38.508900
38.540600
38.572850
38.704575
38.788950
38.825075
38.854600
38.879800
38.933550
39.039950
39.065075
39.086400
39.109325
39.124275
39.155825
39.156800
39.178700
39.197825
39.330225
39.472250
39.498125
39.512600
39.581625
39.603500
39.629700
39.668975
39.680800
39.692375
39.718800
39.826825
39.847650
39.881150
39.949350
39.975425
40.008600
40.066600
40.079375
40.093350
40.252275
40.329650
40.357850
40.360300
40.383550
40.484475
40.504100
40.594200
40.656200
40.680675
40.699200
40.725750
40.734225
40.757950
40.776800
40.814500
40.834350
40.858000
40.875525
40.916000
40.947750
41.146250
41.165250
41.389475
41.406850
41.433025
41.493250
41.520275
41.549650
41.581325
41.596525
41.614625
41.649350
41.670950
41.685050
41.700300
41.716350
41.743200
41.770250
41.799125
41.903400
41.946050
41.973050
42.001475
42.030250
42.062250
42.099950
42.103425
42.195300
42.238500
42.543200
42.953150
43.084000
43.431100
43.569050
43.734300
44.096550
44.223950
44.280075
44.530100
44.669200
44.845875
44.991200
45.137100
45.254800
45.329525
45.430950
45.508400
45.787725
45.957925
46.030775
46.080050
46.205100
46.306000
46.382425
46.474125
46.584575
46.871125
47.049325
47.287825
47.374125
47.740950
47.873775
47.996950
48.079525
48.256650
48.339050
48.462675
48.593625
48.754275
48.924250
49.019775
49.125100
49.236575
49.937875
50.183850
50.311275
50.451700
50.677650
50.845500
51.520700
51.584550
51.736875
51.791525
51.883675
52.098300
52.129100
52.150075
52.173500
52.374150
52.420725
52.428275
52.443925
52.456800
52.468450
52.469975
52.486075
52.513425
52.549450
52.579650
52.599625
52.626125
52.651075
52.662675
52.679525
52.709900
52.734200
52.757400
52.772850
52.788525
52.846900
52.855425
53.028650
53.315800
53.350525
53.425250
53.479250
53.506450
53.532500
53.568575
53.581975
53.604225
53.624550
53.642150
53.655100
53.666000
53.684375
53.703050
53.726675
53.921025
53.957875
54.059150
54.142500
54.228350
54.350150
54.376400
54.404800
54.421025
54.488850
54.544500
54.572525
54.602225
54.620400
54.634200
54.646725
54.660275
54.681900
54.720225
54.740350
54.765175
54.802525
54.822375
54.849775
54.871350
54.920225
54.963325
54.993900
55.114050
55.152200
55.258650
55.278275
55.320075
55.347900
55.369150
55.396325
55.410600
55.435100
55.459525
55.483000
55.484450
55.514150
55.526950
55.557050
55.582550
55.605350
55.630300
55.655175
55.676650
55.711775
55.762575
55.799050
55.831025
55.849975
55.867875
55.893150
55.908975
55.929575
55.950975
55.974350
55.994150
56.037675
56.058700
56.089825
56.101850
56.124825
56.159000
56.160525
56.171975
56.200150
56.218775
56.255150
56.275525
56.297600
56.327025
56.366225
56.400325
56.435475
56.453425
56.475875
56.503700
56.522275
56.549675
56.568650
56.581000
56.644725
56.693375
56.717300
56.737025
56.778900
56.810450
57.986500
60.503900
62.167650
62.502625
63.321850
63.499775
63.771325
63.840600
63.889750
64.228850
64.712075
65.014950
65.128325
65.298800
65.553925
65.776125
65.936075
66.191325
66.363750
66.548100
66.646100
66.753525
67.077950
67.532800
67.763000
68.023300
68.104125
68.203000
68.726125
68.978225
69.217325
69.554975
70.022125
70.268575
70.376700
70.447750
70.808025
71.200575
71.917150
72.373875
72.497300
72.955775
73.303925
73.442850
73.567600
73.802125
73.970375
74.069800
74.367275
74.891925
75.232375
75.408800
75.574750
75.668400
75.960450
76.410550
76.478950
78.272725
78.514675
78.549775
78.822925
79.125925
79.384725
79.796375
79.908850
80.037375
80.121775
80.815075
81.516350
81.772950
81.912225
82.175575
82.499500
82.670350
82.928425
83.120800
83.237375
83.621275
83.758700
84.054650
84.215325
84.379000
84.568650
85.228775
85.450300
85.889450
86.097100
86.284100
87.076375
87.211550
87.315525
87.503125
87.684675
87.792475
87.904550
88.201350
88.305800
88.975700
89.422225
89.932900
90.017100
90.312825
90.649475
91.035650
91.212475
91.750575
92.962650
93.332850
93.335450
93.492125
93.502575
94.034300
94.041200
94.173300
94.275325
94.323525
94.341300
94.358225
94.374125
94.383625
94.523850
94.562750
94.605250
94.622775
94.668450
94.706750
94.743950
94.799100
94.807200
94.823375
94.843425
94.863575
94.892100
94.930950
94.967550
94.991125
95.011425
95.064550
95.090400
95.117000
95.133725
95.153900
95.492950
95.531925
95.560125
95.584950
95.615975
95.627275
95.652875
95.700350
95.796950
95.840400
95.878875
95.891250
95.905200
95.917300
95.937375
95.990550
96.029375
96.042375
96.081800
96.094775
96.116500
96.128375
96.142900
96.178000
96.195475
96.214750
96.231925
96.260125
96.350250
96.606400
96.651425
96.754850
96.795800
96.865575
96.901900
96.941450
96.991500
97.050800
97.306050
97.423850
97.534950
97.770000
98.195525
98.836550
99.077125
99.363350
99.542900
99.787425
99.931725
100.046000
100.257275
100.314250
101.740800
102.955375
102.989950
103.189050
103.237175
103.423250
103.445450
103.446575
103.502425
103.535075
103.561125
103.588600
103.622650
103.647600
103.702225
103.731925
103.752500
103.775800
103.810225
103.930050
103.968850
103.987825
104.016875
104.040500
104.074375
104.166600
104.171175
104.214925
104.285225
104.303825
104.326125
104.359125
104.517675
104.739725
104.742200
104.780275
104.795250
104.817200
104.834325
104.836275
104.869600
104.886200
104.992675
105.012675
105.013800
105.039525
105.088100
105.190750
105.261225
105.277750
105.308650
105.335025
105.387800
105.471025
105.494775
105.540175
105.568800
105.592525
105.616425
105.676800
105.732300
105.760300
105.805975
105.828825
105.855100
105.861675
105.889475
105.939475
106.045075
106.184850
106.207050
106.241875
106.270900
106.291925
106.294650
106.314150
106.338900
106.358050
106.388825
106.417625
106.466750
106.519125
106.559200
106.588625
106.628800
106.679275
106.703025
106.727550
106.745125
106.771175
106.790375
106.796100
106.846050
106.898500
107.007175
107.024225
107.046525
107.079100
107.103575
107.137800
107.180650
107.221775
107.237275
107.250625
107.290450
107.311475
107.338250
107.386225
107.407725
107.431175
107.449275
107.469625
107.478425
107.494900
107.510400
107.521750
107.559550
107.573750
107.585800
107.607475
107.630775
107.635325
107.642600
107.672100
107.689025
107.710800
107.718275
107.719675
107.791650
107.805275
107.824600
107.840825
107.866225
107.917075
107.934825
107.955325
107.977725
107.999900
108.038025
108.045800
108.061325
108.074525
108.091625
108.115425
108.134250
108.176175
108.218750
108.237575
108.262750
108.287500
108.308625
108.338450
108.354200
108.375450
108.392850
108.431125
108.441650
108.459775
108.485175
108.505925
108.525850
108.552800
108.586100
108.603325
108.686000
108.702675
108.703875
108.719200
108.736550
108.756500
108.762700
108.779925
108.798575
108.824025
108.851800
108.867950
108.880500
108.899000
108.915300
108.932350
108.966050
109.004750
110.260650
110.812175
111.229825
113.732900
113.993475
114.134925
114.175200
114.276450
114.510675
114.586000
114.783600
114.929050
115.194950
115.281950
115.384075
115.580800
115.733075
115.883450
116.125050
116.255250
116.378600
116.532675
116.599125
116.673225
116.724700
117.007225
117.354600
117.501825
117.611325
117.724400
118.057400
118.130050
118.225750
118.378275
118.631775
118.716300
118.782875
118.917275
119.017375
119.197850
119.368425
119.541325
120.083100
120.160075
120.299800
120.445600
120.674825
120.828550
120.889275
121.012050
121.200175
121.530750
121.703800
121.802350
121.915125
122.019200
122.092025
122.287700
122.449575
123.005850
123.212650
123.473100
123.623250
123.710100
123.810000
124.094250
124.186000
124.352150
124.648700
125.106425
125.431250
125.591825
126.004375
127.225925
127.336275
127.387675
127.449050
127.535275
127.664625
127.776750
127.806775
127.897925
128.005025
128.051775
128.073875
128.123350
128.164300
128.174400
128.185050
128.211375
128.253275
128.277350
128.299150
128.319775
128.337275
128.364575
128.390700
128.411250
128.433575
128.514675
128.551425
128.638450
128.676850
128.720025
128.943925
128.967600
129.131650
129.342825
129.373875
129.406325
129.454450
129.499825
129.586475
129.620625
129.671425
129.686025
129.703425
129.721100
129.738350
129.755400
129.773650
129.790025
129.829375
129.851200
129.887375
129.932225
129.967325
130.070875
130.094750
130.111450
130.122150
130.144750
130.163425
130.185075
130.212175
130.244000
130.258825
130.285375
130.315750
130.335625
130.369950
130.425625
130.453875
130.480450
130.495300
130.519725
130.539800
130.584975
130.622450
130.645550
130.661700
130.696850
130.751050
130.779525
130.798225
130.815650
130.832450
130.857425
130.882750
130.909350
130.930575
130.933900
131.009100
131.033425
131.066475
131.110375
131.148375
131.177700
131.199075
131.202950
131.215775
131.257150
131.342500
131.369500
131.393825
131.423400
131.439850
131.457775
131.476625
131.517375
131.542925
131.602400
131.664100
131.679200
131.701375
131.720975
131.757225
131.775175
131.794525
131.807725
131.823075
131.858425
131.875800
131.907400
131.926525
131.954025
131.969550
132.009175
132.039950
132.065175
132.090775
132.124575
132.208475
132.240450
132.261350
132.299100
132.349350
132.423075
132.640650
133.035550
133.100650
133.249925
134.184975
134.396175
134.449975
134.519475
134.578375
134.645575
134.834425
134.880575
135.005675
135.092625
135.143025
135.412325
135.463475
135.565825
135.647000
135.827025
136.025900
136.087075
136.158525
136.240600
136.379300
136.447275
136.506475
136.582600
136.655150
136.773475
136.842775
136.931700
137.108300
137.164325
137.336175
137.393100
137.519125
137.588875
137.661225
137.734525
137.900425
137.966450
138.078500
138.255125
138.400325
138.485300
138.597975
138.770400
138.917675
138.978700
139.221300
139.280850
139.554825
139.625475
139.685225
139.827625
139.845550
139.943850
140.021250
140.212475
140.338400
140.403200
140.459875
140.589750
140.632825
140.693700
140.778400
140.889025
140.936600
141.211850
141.416600
141.526200
141.675525
141.837075
141.963625
142.178625
142.235025
142.680800
142.899850
143.096825
143.365875
143.587450
143.705475
144.234825
144.339000
144.439200
144.599550
144.735125
144.862375
144.945575
145.101525
145.210350
145.272000
145.379250
145.549675
145.625125
145.835900
146.024775
146.086400
146.180800
146.352600
146.473150
146.691250
146.828725
146.989375
147.103025
147.232200
147.360475
147.479150
147.570075
147.804200
148.241100
148.287800
148.370625
148.491600
148.769800
148.936950
149.022950
149.075950
149.135050
149.261250
149.567075
149.985125
150.024900
150.234325
150.422375
150.755725
150.846125
150.913525
150.962200
151.068625
151.275825
151.469100
151.678650
151.809975
151.875475
152.016950
152.137725
152.214125
152.300250
152.429100
152.619950
152.738250
153.020900
153.371225
153.662125
153.712500
153.854825
153.906225
153.991475
154.085825
154.221700
154.339625
154.414975
154.768475
154.964950
155.106275
155.237500
155.354250
155.466575
155.588975
155.685150
156.064525
156.273125
156.376100
156.467675
156.549275
156.694925
156.796325
156.910575
156.983375
157.064650
157.319000
157.445550
157.716850
157.890875
157.954775
158.058550
158.210075
158.300075
158.539650
158.724750
158.886300
158.936175
159.046600
159.169225
159.299175
159.352750
159.417700
159.492025
159.593500
159.714900
159.837200
159.978675
160.063275
160.123000
160.239000
160.360725
160.554350
160.691100
160.757825
160.813100
161.013300
161.094300
161.175900
161.287550
161.340825
161.424950
161.505475
161.578225
161.706100
161.795200
161.934300
161.994325
162.079175
162.152750
162.234200
162.378550
162.606450
162.833750
162.913700
163.068200
163.145425
163.275875
163.441375
163.627825
163.741650
163.874875
164.022250
164.100725
164.256225
164.327225
164.408150
164.482725
164.535075
164.618200
164.680900
164.838550
164.900225
164.998075
165.207925
165.306475
165.395575
165.484750
165.610675
165.713075
165.873350
165.978725
166.075675
166.161525
166.348725
166.442425
166.535225
166.717650
166.865000
166.951000
167.030250
167.114525
167.231925
167.328875
167.435375
167.564575
167.644700
167.766225
167.813375
167.971875
168.039400
168.214750
168.297325
168.425175
168.524650
168.618250
168.788375
168.874875
169.058625
169.269650
169.393600
169.537150
169.627350
169.713475
169.896750
170.000000
170.266700
170.321950
170.408650
170.611950
170.698800
170.803425
170.854625
171.022300
171.157550
171.287925
171.736025
171.795175
172.026500
172.203125
172.274675
172.392200
172.513625
172.573425
172.760775
172.853775
173.018575
173.092150
173.214650
173.337550
173.386450
173.531600
173.666600
173.783850
173.874425
174.625425
175.009150
175.142000
175.282725
175.394525
175.582975
175.647250
175.722050
176.160525
176.224475
176.524600
176.639325
176.983325
177.168275
177.334250
177.521750
177.771600
177.883800
177.943375
178.054275
178.249175
178.397275
178.557025
178.714700
178.829800
178.948700
179.109425
179.193625
179.332500
179.539425
179.741025
180.296225
180.663100
180.887525
181.076375
181.252950
181.529350
181.609725
181.829000
181.917350
181.983575
182.293700
182.363200
182.423775
182.492500
182.814975
182.883800
182.950850
183.040675
183.310075
183.636025
183.752625
184.027000
184.112650
184.354450
184.530150
184.612825
184.775050
184.878075
185.055200
185.150275
185.306700
185.407575
185.540425
185.782325
185.871450
185.963675
186.173725
186.182375
186.319900
186.768775
187.492325
187.703650
187.748925
187.908925
188.118925
188.364600
188.435900
188.496275
188.616000
188.695900
188.763750
188.981800
189.111375
189.197150
189.318850
189.462550
189.702625
190.068975
190.152425
190.335250
190.852000
191.438300
191.572250
191.984900
192.228450
193.750675
196.131025
196.281800
196.349475
196.432225
196.469875
196.483150
196.501525
196.519775
196.569075
196.579850
196.613325
196.692775
196.737150
196.761900
196.813675
196.864675
196.907450
196.928650
196.954400
196.970725
196.987700
197.009525
197.019950
197.133200
197.142550
197.160450
197.170725
197.179850
197.197850
197.210050
197.247200
197.275350
197.319950
197.340425
197.367050
197.384250
197.398025
197.415150
197.441900
197.463450
197.503775
197.522400
197.539200
197.558075
197.579475
197.598100
197.614900
197.655875
197.671125
197.688200
197.706075
197.732075
197.757025
197.784900
197.973300
198.015625
198.041850
198.085725
198.164225
198.227400
198.247000
198.336825
198.384225
198.439875
198.471825
198.800725
198.981775
199.107300
199.154775
199.229725
199.373825
199.514950
199.614600
199.672075
199.732100
200.059200
200.118575
200.242500
200.325825
200.533475
200.718250
200.829725
201.073300
201.196625
201.564550
201.934950
202.311925
202.465350
202.882450
202.960700
203.203950
203.349000
203.437175
203.561300
203.825550
204.024775
204.125550
204.230450
204.370075
204.472475
204.789200
205.054050
205.272050
205.460425
205.634350
206.004900
206.241675
206.326725
206.481450
206.682450
206.741750
207.095700
207.264475
207.618400
207.674300
207.884575
208.018625
208.123250
208.248950
208.367925
208.692400
209.031575
209.155675
209.231425
209.360775
209.450400
209.636925
209.805000
209.927050
210.063475
210.194275
210.317650
210.388175
210.614575
210.706150
210.793975
210.960325
211.037250
211.222975
211.322500
211.431450
211.709600
212.191200
212.293400
212.366475
212.464675
212.628325
212.807300
212.969800
213.130675
213.203000
213.375600
213.492025
213.621575
213.897625
214.363425
214.447675
214.546100
214.769750
214.943100
215.420500
215.522550
215.619975
215.886175
215.970375
216.102050
216.432425
216.807125
216.943475
216.982200
217.111375
217.286500
217.430600
217.697625
217.861525
217.963175
218.010875
218.146925
218.331900
218.433925
218.507475
218.656675
218.791575
218.881100
219.628075
220.512350
220.547650
220.578925
220.610600
220.667575
220.835950
220.852325
220.869250
220.897325
220.914650
220.941150
220.958150
220.977150
220.991775
221.017675
221.030375
221.049975
221.066050
221.092800
221.120375
221.139600
221.168675
221.186950
221.196700
221.217750
221.238600
221.268775
221.293450
221.322300
221.347225
221.367625
221.390225
221.538800
221.557150
221.597650
221.623000
221.640650
221.662225
221.682950
221.716450
221.742825
221.807100
221.846700
221.888575
221.913125
221.930550
221.948600
221.992825
222.010625
222.027875
222.043675
222.087325
222.112750
222.136875
222.154875
222.171425
222.188775
222.202125
222.238200
222.363350
222.386575
222.465200
222.492100
222.589200
222.624475
222.650400
222.671700
222.696725
222.723925
222.742350
222.759325
222.794325
222.824200
222.853950
222.903300
222.922475
222.947350
222.969775
223.002800
223.035625
223.087200
223.133500
223.142950
223.178550
223.214975
223.241025
223.250925
223.269100
223.286900
223.365300
223.453025
223.479425
223.502050
223.544125
223.587725
223.612650
223.641325
223.659450
223.674325
223.691500
223.766875
223.793300
223.817500
223.853625
223.872800
223.883825
223.912175
223.935575
223.969750
224.009500
224.051825
224.101700
224.266675
224.285825
224.297475
224.313825
224.333550
224.351050
224.368400
224.387975
224.403075
224.417050
224.441475
224.462975
224.469200
224.484875
224.502950
224.514175
224.541475
224.567950
224.581700
224.606375
224.630250
224.645375
224.684400
224.702700
224.714325
224.741200
224.955075
225.024875
225.043975
225.065850
225.093625
225.112375
225.141425
225.153150
225.167575
225.190400
225.209425
225.221350
225.242125
225.272175
225.304625
225.333475
225.357500
225.365450
225.407275
225.419600
225.432825
225.468700
225.502175
225.530025
225.552350
225.579250
225.585850
225.607550
225.618675
225.639825
225.652800
225.675050
225.691075
225.704925
225.730150
225.749025
225.786825
225.805725
225.870175
225.912925
225.936825
225.953325
225.980575
226.003475
226.250550
226.313575
226.621400
226.828525
227.426925
227.949325
228.378525
228.477125
229.030850
229.330825
229.840850
230.007700
230.150475
230.346750
230.626350
230.686300
230.772825
231.171025
231.390975
231.617200
231.734325
231.857650
232.142450
232.677275
232.865550
232.979100
233.107300
233.188950
233.264100
233.366550
233.566825
233.922925
234.539575
234.967850
235.215175
235.395675
235.690375
235.740875
235.887150
235.995975
236.152150
236.254125
236.457800
236.674700
236.799850
237.095400
237.496075
237.601675
237.877625
237.932250
238.122750
238.210350
238.286325
238.416225
238.622725
239.144700
239.457575
239.620475
239.752200
239.849200
240.033750
240.157250
240.283425
240.470700
240.573625
240.722450
240.970450
241.054750
241.260375
241.417225
241.477225
241.566800
241.620100
241.741325
241.861775
241.945250
242.165550
242.575750
242.721650
242.866825
243.102225
243.158125
243.397050
244.253075
244.257325
244.323700
244.618975
244.645200
244.655800
244.681275
244.708600
244.746275
244.966750
245.025025
245.327875
245.460850
245.472125
245.506175
245.538575
245.550175
245.555850
245.607550
245.649625
245.977600
246.018425
246.049375
246.060575
246.083350
246.109150
246.121150
246.150100
246.185250
246.214050
246.233000
246.251825
246.263250
246.279225
246.292450
246.312625
246.330325
246.348325
246.374375
246.395450
246.412525
246.439350
246.631450
246.678975
246.719975
246.813925
246.868450
246.896075
246.906450
246.932850
246.950400
246.967575
246.989050
247.004250
247.025350
247.073300
247.177300
247.288500
247.311825
247.335775
247.368975
247.387375
247.428975
247.532500
247.550400
247.587675
247.613075
247.629300
247.669575
247.687550
247.720375
247.771275
247.836425
247.869425
247.889300
248.762800
249.098825
249.324225
249.490000
249.599475
249.774600
250.199950
250.387625
250.650050
250.724050
250.817300
250.906450
251.043750
251.229425
251.408725
251.579625
251.648775
251.699900
251.859600
251.976100
252.517400
252.680125
252.765200
253.015650
253.149400
253.238900
253.404375
253.494650
253.562150
253.853000
253.962950
254.146475
254.285475
254.326125
254.470325
254.560250
254.909600
254.970675
255.047850
255.132275
255.228525
255.293375
255.376725
255.470600
255.639575
255.722625
255.854500
255.938875
256.096250
256.164025
256.381550
256.434375
256.498350
256.563500
256.862000
256.958675
257.078450
257.225025
257.293750
257.364900
257.411450
257.605550
257.626975
257.712175
257.769725
257.845950
257.894900
258.093250
258.217850
258.263375
258.330400
258.431600
258.576050
258.614525
258.661425
258.706525
259.977275
260.018300
260.149200
260.230325
260.278650
260.314675
260.366400
260.415675
260.460725
260.493450
260.527325
260.545975
260.602300
260.676275
260.809850
260.852875
260.862750
260.878850
260.887675
260.901525
260.927975
260.960150
260.979975
260.999425
261.013500
261.027375
261.040850
261.064850
261.084350
261.101825
261.163675
261.188500
261.206800
261.225775
261.248975
261.362675
261.402300
261.423300
261.442200
261.489500
261.518450
261.592975
261.610825
261.628800
261.663800
261.727050
261.765450
261.796500
261.837100
261.861225
261.878125
261.901675
261.923675
261.949925
261.978250
262.023225
262.064875
262.117725
262.129300
262.142900
262.166700
262.193125
262.213275
262.223550
262.243675
262.255275
262.278675
262.294725
262.317925
262.319425
262.390275
262.417525
262.440375
262.457025
262.478300
262.501075
262.529275
262.616475
262.667350
262.707775
262.823650
262.858800
262.893400
262.916125
262.935375
262.978400
263.017225
263.026550
263.059200
263.091200
263.117275
263.183925
263.220400
263.285800
263.340300
263.368050
263.398550
263.405375
263.433025
263.458700
263.525325
263.546575
263.570300
263.589425
263.620725
263.703975
263.727375
263.747900
263.787900
263.836100
263.872625
263.906775
263.932525
263.976575
263.992575
264.019125
264.049175
264.069850
264.135700
264.169325
264.189125
264.202950
264.209675
264.220425
264.235075
264.302425
264.338525
264.353000
264.369300
264.373200
264.378100
264.410500
264.424050
264.476850
264.495675
264.529425
264.553350
264.599875
264.637975
264.674050
264.697875
264.726300
264.767075
264.801175
264.822250
264.922650
264.930500
265.166075
265.223125
265.246025
265.273000
265.310825
265.357375
265.381850
265.464425
265.521325
265.540850
265.563925
265.586550
265.606050
265.625850
265.655900
265.665400
265.687475
265.716875
265.736750
265.755375
265.757075
265.772575
265.834400
265.854125
265.888875
265.909325
265.923650
265.990975
266.014950
266.047925
266.078575
266.111850
266.144875
266.179450
266.232000
266.258375
266.316525
269.095475
269.271775
269.452175
269.548275
269.601375
269.626275
269.662175
269.704400
269.752375
269.778100
269.816775
269.834650
269.864850
269.887750
269.919450
269.942950
269.966550
270.001025
270.041525
270.069425
270.100850
270.117875
270.160075
270.206600
270.262100
270.297450
270.311175
270.332775
270.357325
270.426625
270.457125
270.472950
270.489600
270.513000
270.533625
270.557325
270.615000
270.659675
270.699250
270.720975
270.748700
270.769150
270.786450
270.806550
270.828750
270.848225
270.872225
270.890925
270.923075
270.937975
270.961400
270.984100
270.998750
271.014975
271.045525
271.065900
271.071100
271.142425
271.149325
271.171400
271.238500
271.301375
271.344875
271.372225
271.410725
271.422050
271.457800
271.486700
271.524275
271.552675
271.570275
271.572950
271.606150
271.620525
271.661650
271.679075
271.680975
271.742775
271.804525
272.472850
273.904775
273.984275
274.106675
274.387725
274.543325
274.649150
274.803925
274.833500
274.884925
275.117275
275.938375
276.519275
277.190150
277.347050
277.705675
277.961050
278.066350
278.481650
278.630300
278.940800
279.124600
279.655475
280.075975
280.287825
280.478725
280.619750
280.807500
281.031775
281.136275
281.474650
282.216350
282.604650
282.712325
282.940350
283.157775
283.369075
283.451050
283.651525
283.822575
284.409975
284.562125
284.802775
284.924950
285.179050
285.253125
285.427200
285.644950
285.855800
285.866750
287.127400
287.209625
287.269800
287.370125
287.683800
287.870000
288.628200
288.817050
289.024600
289.153900
289.285450
289.450625
289.650750
289.792375
289.913300
290.105075
290.432575
290.554200
290.903225
291.162350
291.226600
291.490150
291.632150
291.874650
291.949100
292.061650
292.216575
292.302000
292.327075
292.460825
292.766900
292.965225
293.200325
293.444850
293.991625
294.255625
294.367375
295.536550
296.469900
296.983275
297.402325
297.638050
298.016600
298.076450
298.264175
298.333225
298.468250
298.540475
298.597150
298.632525
298.720525
298.735775
298.771925
298.792075
298.896475
298.929975
298.966800
299.007500
299.069975
299.097825
299.124700
299.142600
299.144800
299.155500
299.174675
299.197625
299.213750
299.229050
299.274625
299.301575
299.348325
299.377650
299.400500
299.413775
299.425625
299.451850
299.464325
299.483575
299.522525
299.537800
299.557675
299.570200
299.581900
299.629600
299.675475
299.716675
299.732675
299.769500
299.787425
299.808050
299.918450
299.977625
300.016525
300.063850
300.113375
300.147800
300.172400
300.188750
300.237975
300.254725
300.265800
300.292200
300.308250
300.327350
300.353975
300.372250
300.394925
300.449175
300.471650
300.493125
300.518825
300.547175
300.643250
300.661750
300.684950
300.700500
300.724450
300.730225
300.739075
300.773375
300.795525
300.807350
300.826925
300.843425
300.873675
300.912175
300.977675
301.009950
301.077575
301.169250
301.219575
301.246150
301.290975
301.314625
301.347200
301.383025
301.424675
301.716025
301.771150
301.850425
301.968625
302.024575
302.067775
302.093175
302.139225
302.173500
302.200875
302.229900
302.258925
302.314350
302.371500
302.415175
302.439275
302.459100
302.481750
302.500475
302.517650
302.546225
302.557550
302.560200
302.633725
302.658575
302.678950
302.702125
302.723350
302.756925
302.772500
302.801225
302.819575
302.847050
302.873125
302.901250
302.926475
302.958425
302.978550
303.024575
303.074175
303.161625
303.191375
303.201100
303.235350
303.275400
303.314700
303.354575
303.360550
303.398400
303.421900
303.436425
303.447675
303.461175
303.474250
303.487425
303.502100
303.521150
303.537925
303.563625
303.579975
303.598200
303.626050
303.667250
303.685350
303.707725
303.712500
303.728850
303.793075
303.840175
303.865875
303.884725
303.906125
303.933600
303.953925
304.004450
304.041275
304.054650
304.075225
304.124200
304.146150
304.171775
304.193575
304.365075
304.527450
304.562625
304.633575
304.671475
304.750200
304.896350
305.888750
305.944750
306.061650
306.123975
306.149300
306.194000
306.226925
306.240375
306.269000
306.294175
306.331450
306.441925
306.474825
306.543550
306.698125
306.790925
306.845850
306.948375
307.005625
307.031450
307.083475
307.140100
307.202625
307.244875
307.296625
307.336625
307.363325
307.389450
307.409675
307.422125
307.439350
307.462475
307.477500
307.495600
307.515750
307.533075
307.551250
307.575575
307.593325
307.610775
307.632075
307.668100
307.720275
307.748825
307.805825
307.822675
307.852425
307.878875
307.910450
307.961525
307.974375
308.050300
308.081175
308.115925
308.119800
308.158800
308.275550
308.311525
308.334875
308.350200
308.360925
308.373300
308.386575
308.416825
308.436325
308.453975
308.471175
308.490900
308.512575
308.549150
308.617450
308.634625
308.650300
308.674275
308.696925
308.731600
308.732900
308.749800
308.967625
309.072550
309.098325
309.129350
309.157750
309.172575
309.213300
309.241425
309.280200
309.291200
309.303325
309.322975
309.338375
309.367475
309.412150
309.426625
309.466625
309.578400
309.580100
309.591975
309.609400
309.649350
309.677750
309.744300
309.787525
309.823175
309.843000
309.868300
309.893700
309.920325
310.001000
310.079725
310.106050
310.137575
310.154800
310.158100
310.169275
310.191200
310.206775
310.234650
310.263375
310.287125
310.324200
310.354275
310.413050
310.426400
310.453300
310.487125
310.517725
310.536200
310.556175
310.593050
310.611275
310.628975
310.662850
310.685125
310.711175
310.715475
310.735100
310.911000
310.921325
310.935625
310.957350
311.008775
311.048350
311.083875
311.121850
311.145975
311.206550
311.229250
311.319975
311.356250
311.381575
311.413850
311.439025
311.471025
311.547100
311.627425
311.664000
311.709475
311.733675
311.780425
311.830975
312.091950
312.855425
314.092150
314.346900
314.473975
314.594000
314.841775
315.826300
316.042250
316.247750
317.310975
318.221250
318.587275
318.675025
318.978525
319.274000
319.561125
319.696300
319.763000
319.965075
320.148100
320.424300
320.640500
320.942850
321.111025
321.290550
321.933750
322.066650
322.222700
322.680800
322.847900
322.979375
323.147425
323.262050
323.472775
323.550825
323.673950
324.017275
324.898875
325.125800
325.321225
326.264250
326.374925
326.538525
326.539500
326.680975
326.707875
326.770100
326.926750
327.026075
327.049550
327.069625
327.143025
327.193925
327.225125
327.269775
327.309575
327.329175
327.346675
327.418275
327.469200
327.501400
327.524175
327.543100
327.576025
327.614250
327.627000
327.642750
327.671850
327.694275
327.711975
327.732325
327.753950
327.788625
327.845050
327.884225
327.909275
327.962975
327.989975
328.017875
328.285550
328.317475
328.332050
328.375000
328.421950
328.423925
328.450500
328.483525
328.519725
328.557725
328.577025
328.633850
328.656200
328.677275
328.695375
328.709950
328.735525
328.750425
328.771625
328.799950
328.808575
329.156775
329.173575
329.239125
329.256150
329.280075
329.316575
329.389750
329.403325
329.419800
329.437375
329.447300
329.469475
329.483400
329.513325
329.541825
329.570100
329.600325
329.650475
329.671075
329.676950
329.752750
329.765800
329.789850
329.816625
329.831100
329.873650
329.904900
329.922400
329.996750
330.008675
330.030700
330.048575
330.074300
330.098400
330.116375
330.138625
330.242275
330.304825
330.330550
330.349350
330.366550
330.390600
330.411775
330.424600
330.460075
330.496750
330.555025
330.578050
330.602575
330.630850
330.651100
330.669675
330.683725
330.705500
330.764925
330.802325
330.840300
330.857500
330.872150
330.904525
330.938775
331.390425
331.879575
331.981925
332.122350
332.841650
333.038525
333.055375
333.079700
333.180175
333.221800
333.259175
333.303075
333.316775
333.329850
333.351175
333.381900
333.397625
333.409575
333.453275
333.504775
333.688225
333.735200
333.764525
333.818525
333.847650
333.927925
333.942750
333.977975
334.001200
334.022875
334.041725
334.078700
334.110475
334.150825
334.193850
334.208500
334.212350
334.228225
334.238225
334.264575
334.281775
334.302325
334.314475
334.330250
334.338200
334.358325
334.361175
334.471725
334.585700
334.643525
334.665275
334.686500
334.709875
334.725125
334.758825
334.778650
334.803250
334.838075
334.878425
334.900475
334.924625
334.945275
334.975375
334.994425
335.036375
335.083650
335.175000
335.190375
335.209125
335.219850
335.244775
335.257825
335.278125
335.287625
335.297150
335.305725
335.308525
335.359575
335.395025
335.452325
335.479800
335.621300
335.645525
335.654125
335.675100
335.686575
335.703500
335.730025
335.751750
335.788075
335.812000
335.847200
335.867400
335.882300
335.884425
335.927275
335.947400
335.966975
335.999475
336.027775
336.078325
336.107250
336.135650
336.168875
336.202875
336.226525
336.280025
336.296825
336.323450
336.349825
336.380375
336.407375
336.429000
336.458325
336.483475
336.508800
336.530775
336.555475
336.578275
336.599075
336.610475
336.646225
336.659750
336.687650
336.710275
336.729225
336.751550
336.773775
336.795025
336.813700
336.831350
336.855825
336.874225
336.903050
336.917325
336.935000
336.956650
336.972900
336.974200
336.997350
337.019325
337.036800
337.049425
337.075525
337.107250
337.136175
337.156875
337.195000
337.234900
338.299125
338.324850
338.762150
338.884300
339.181150
339.295325
339.577650
339.723075
340.046050
340.220175
340.464000
340.610775
340.919475
341.069650
341.430075
342.170575
342.329575
342.673100
342.777600
343.341950
343.627650
343.744275
344.022950
344.179225
344.669450
345.951850
346.282800
346.487075
347.163075
347.475275
347.691350
347.801500
347.970550
348.083225
348.544225
348.934750
349.150575
349.327575
350.169000
350.307650
350.697600
350.925925
351.227925
351.792875
351.931725
352.251550
352.455975
352.681250
352.897525
353.002500
353.183950
353.373900
353.563550
353.709025
353.840750
354.019300
354.201925
354.696575
354.910425
355.318200
355.590225
355.825000
355.968025
356.437350
356.568300
357.037500
357.192375
357.504825
357.622100
357.767300
357.981400
358.060575
359.778725
359.940675
360.045625
360.271550
360.710750
361.153650
361.226100
361.341925
361.565625
361.733325
361.920300
362.045825
362.265950
362.569225
362.697200
362.846675
363.224925
363.464800
363.526200
363.611075
363.837500
364.081875
364.240000
364.282600
364.389400
364.739575
364.832225
364.941950
365.007550
365.256525
365.541700
365.666025
365.766450
366.126275
366.329725
366.434800
366.568400
366.699200
366.912600
367.100425
367.402200
367.510525
367.648725
367.723725
367.967525
368.035650
368.212950
368.321525
368.686825
368.767525
368.824625
369.054425
369.316050
369.502400
369.634075
369.898800
370.098050
370.387800
370.463050
370.647875
370.822625
371.060425
371.225475
371.593275
371.729450
371.879700
371.909525
372.130275
372.221175
372.531350
372.670125
372.769250
372.950975
373.065175
373.165250
373.216375
373.303050
373.381275
373.484200
373.626300
373.696700
373.748925
373.870275
374.076800
374.221375
374.404050
374.523125
375.010925
375.292175
375.324250
375.455525
375.601150
376.001775
376.126725
376.491575
376.646775
376.755075
376.944250
377.075325
377.229225
377.358875
377.449000
377.882025
378.254375
378.717475
379.174475
379.244850
379.360775
379.444975
379.621825
379.684275
379.731950
379.800100
379.907450
380.152175
380.263600
380.386400
380.489950
380.546825
380.915925
381.010525
381.173375
381.441050
381.673875
381.709075
381.887375
382.054600
382.162475
382.372850
382.601600
382.777075
382.944150
383.455325
383.567575
383.752425
383.883875
384.041575
384.280075
384.485275
384.638875
384.896750
385.054500
385.282050
385.411525
385.565700
385.930875
386.026675
386.178650
386.265750
386.350600
387.295750
387.406800
387.526650
387.638250
387.692250
387.754325
387.940500
388.045950
388.124500
388.178475
388.249875
388.423100
388.461800
388.560550
388.631925
388.702875
388.791950
388.887525
389.201525
389.405800
389.489200
389.545125
389.760400
389.875100
390.059525
390.150025
390.290825
390.369675
390.428750
390.581675
390.585275
390.666350
390.866275
391.006625
391.120375
391.226500
391.288700
391.476575
391.615325
391.723550
391.804450
391.866575
391.977050
392.043550
392.119675
392.181825
392.308550
392.402250
392.541275
392.619975
392.699725
392.848800
393.022000
393.135075
393.268600
393.349200
393.440075
393.579300
393.699025
394.024550
394.209000
394.351675
394.549350
394.622125
394.672000
394.714650
395.079700
395.136875
395.322300
395.392950
395.434125
396.286400
396.345000
396.413875
396.474725
396.528450
396.734850
396.885625
398.192950
398.415200
398.455925
398.526550
398.543975
398.579225
398.599075
398.620700
398.639775
398.657750
398.682500
398.780725
398.800625
398.826650
398.843025
398.844350
398.857475
398.881150
398.906525
398.947525
398.987950
399.105775
399.144125
399.166725
399.198950
399.330375
399.367750
399.370400
399.384325
399.397000
399.416100
399.435725
399.462475
399.489575
399.520800
399.538625
399.581650
399.609000
399.656525
399.763325
399.826250
400.156000
400.189175
400.242950
400.326775
400.376950
400.446850
400.471650
400.482300
400.498700
400.520425
400.567075
400.656775
400.684075
400.718275
400.739075
400.769025
400.799500
400.813250
400.835650
400.861575
400.911500
400.937625
400.986650
401.012350
401.028900
401.056700
401.133425
401.179125
401.210725
401.227575
401.255675
401.268300
401.278600
401.299550
401.340175
401.359550
401.372700
401.391900
401.411050
401.433525
401.454100
401.469250
401.496100
401.516000
401.540950
401.557050
401.582375
401.599250
401.621125
401.644300
401.707125
401.777800
401.803600
401.819350
401.861350
401.887775
401.913275
401.962900
401.982175
402.002025
402.036225
402.064500
402.087000
402.176100
402.219800
402.272075
402.293675
402.320900
402.348650
402.364100
402.392575
402.416775
402.435550
402.491900
402.554300
402.629200
402.665825
402.712575
402.754800
402.810275
402.849925
402.873350
402.909950
402.951350
402.976225
402.984700
403.004600
403.073425
403.150725
403.182550
403.213100
403.259275
403.303400
403.330075
403.375875
403.398375
403.459875
403.551275
403.566250
403.590975
403.608900
403.652025
403.671425
403.710725
403.740525
403.766350
403.817750
403.853200
403.968450
403.999575
404.028525
404.077675
404.129650
404.179800
404.250025
404.345975
405.746925
407.179900
407.337325
408.968000
409.452525
409.733975
409.855125
409.968400
410.096200
410.218425
410.692925
410.905200
411.396725
411.515275
411.741675
412.172800
412.560725
413.362275
413.886000
413.968675
414.471325
414.690675
414.824750
415.002650
415.181375
415.219975
415.380225
416.531400
416.644000
416.774375
417.061325
417.294125
417.491150
417.705525
417.970950
418.118050
418.292500
418.387750
418.487725
418.676000
418.852375
418.994425
419.255550
419.478175
419.639575
419.773450
420.055375
420.125850
420.300800
420.439225
420.551175
420.617025
421.365450
421.493575
421.659825
421.984100
422.119075
422.206325
422.282725
422.380400
422.460125
422.596625
422.832350
422.911375
423.058000
423.176175
423.272175
423.422200
423.624500
423.812825
424.045150
424.150675
424.376000
424.733975
425.126275
425.204075
425.381175
425.477650
425.567350
425.876300
426.258200
426.387700
426.426250
427.622400
427.791425
427.871850
428.083150
428.283125
428.551025
428.804700
428.900825
429.008650
429.387075
429.543800
429.793900
429.916600
430.193875
430.597400
431.026250
431.120975
431.231650
431.369425
431.643425
431.951100
432.032725
432.130650
432.246350
432.358900
432.703150
432.797125
433.069275
433.237225
433.314675
433.476575
433.586850
433.992425
434.152925
434.360225
434.735725
435.305300
435.431975
435.726425
435.881575
435.940625
436.213300
436.272325
436.335150
436.418425
436.513225
436.600400
437.557450
437.971325
438.084675
438.225825
438.328850
438.374500
438.450450
438.798275
438.919050
439.126725
439.257350
439.529500
439.667925
439.928550
439.986475
440.106650
440.235425
440.400525
440.570450
440.695050
440.775000
440.989600
441.045850
441.115125
441.396850
441.741125
441.829700
442.059700
442.393200
442.582775
442.708225
442.841825
443.297950
443.508525
444.273125
445.495400
446.612850
446.735900
446.772275
446.795825
446.982275
447.047325
447.069050
447.087475
447.105000
447.124750
447.141725
447.158975
447.180325
447.219050
447.274650
447.300725
447.341350
447.354050
447.368050
447.383575
447.420125
447.440775
447.472450
447.491300
447.524000
447.642650
447.716050
447.749275
447.761900
447.813500
447.837600
447.915575
447.942325
447.960075
447.973600
447.992200
448.021700
448.042350
448.073675
448.120450
448.161150
448.194925
448.207575
448.224575
448.240425
448.254250
448.280225
448.293800
448.311250
448.342825
448.356925
448.375150
448.399100
448.445700
448.456950
448.479700
448.520425
448.535400
448.551375
448.557725
448.559475
448.588750
448.705225
448.737450
448.757225
448.819400
448.854900
448.879900
448.911725
448.958150
448.975150
448.998025
449.024075
449.040700
449.076925
449.092425
449.132900
449.155375
449.197550
449.216850
449.231175
449.233075
449.250925
449.266075
449.283075
449.313500
449.339200
449.363450
449.398500
449.422775
449.447925
449.479050
449.540575
449.656875
449.696375
449.737550
449.898950
449.999425
450.031225
452.376425
452.466850
452.552175
452.592425
452.626025
452.675225
452.732025
452.762875
452.813575
452.835425
452.863200
452.914225
453.001600
453.023000
453.050050
453.111000
453.167775
453.278775
453.284200
453.314925
453.334325
453.349950
453.368700
453.383850
453.418025
453.439475
453.469875
453.495050
453.512425
453.579650
453.598200
453.613575
453.635525
453.647050
453.815325
453.860600
453.898125
453.910300
453.971700
454.006100
454.025050
454.049600
454.112400
454.131900
454.133750
454.155700
454.193275
454.210175
454.291350
454.316000
454.336800
454.370200
454.389400
454.406525
454.432425
454.457050
454.476450
454.494500
454.516300
454.536250
454.576475
454.581225
454.625650
454.651125
454.670775
454.699050
454.712825
454.730475
454.744400
454.768425
454.782325
454.799225
454.887125
454.907600
454.918875
454.954250
454.981725
454.999650
455.012600
455.032725
455.051675
455.063625
455.081425
455.087275
455.102350
455.115700
455.137850
455.163150
455.173950
455.330750
455.343875
455.378125
455.427150
455.553450
455.617625
455.623500
455.637675
455.662825
455.680725
455.722950
455.744925
455.774575
455.797875
455.826675
455.850500
455.874400
455.891400
455.907675
455.909225
455.930025
455.955650
455.985350
456.046800
456.078725
456.105050
456.129700
456.148450
456.184925
456.238750
456.267475
456.305100
456.333525
456.392900
456.419950
456.434025
456.470525
456.487850
456.509050
456.535175
456.554150
456.570850
456.598325
456.618350
456.622350
457.354675
459.008425
459.518650
459.924075
461.356775
461.827050
462.615200
462.793775
463.364050
463.501900
463.711425
463.841325
463.929200
464.038675
464.152125
464.302000
464.876725
465.186025
465.321850
465.466375
465.673850
465.887100
466.241650
466.303225
466.433625
466.510200
466.655425
466.962000
467.137125
467.294000
467.412800
467.772975
467.964375
468.288825
468.396900
468.533025
468.888800
469.287125
469.448575
469.588150
469.779525
469.829250
469.978675
470.161425
470.629250
470.793000
471.265875
471.467975
471.940225
472.108325
472.209025
472.410975
472.659850
472.943775
473.138550
473.287875
473.416425
473.839200
474.002000
474.054150
474.140175
474.294625
474.491900
474.613300
474.705500
474.856375
474.997450
475.118050
475.293425
475.434075
475.558275
475.766775
476.133650
476.363275
476.544850
477.405600
477.581525
477.801625
478.194700
478.394000
478.566275
478.872900
479.144025
479.434875
480.447075
480.601725
480.752725
480.877400
481.019025
481.190000
481.381200
481.668625
481.812050
481.924850
482.179300
482.765700
482.873775
483.114600
483.343275
483.641475
483.814050
484.023925
484.360275
484.674500
484.764775
485.355925
485.604550
485.718800
486.713675
486.852250
487.653400
487.758875
487.812800
487.823825
488.079450
488.171100
488.420150
488.517325
488.713375
488.765850
488.825900
488.962750
489.063450
489.224550
489.330000
489.440525
489.542925
489.867300
490.003825
490.251175
490.475250
490.839800
490.984525
491.178025
491.423125
491.534950
491.690425
491.826500
491.970350
492.312600
492.481425
492.614300
492.738300
492.898100
493.019650
493.151875
493.306275
493.463075
494.214775
495.724675
496.123575
496.254800
496.965675
497.010225
497.036775
497.061850
497.094725
497.158375
497.203000
497.250450
497.291975
497.299625
497.426600
497.452850
497.504675
497.657950
497.725900
497.750525
497.766225
497.780275
497.805600
497.842975
497.874400
497.915450
497.968400
497.977250
497.994550
498.017700
498.043375
498.060650
498.079125
498.095225
498.131225
498.147425
498.259975
498.302800
498.401375
498.426550
498.449450
498.498675
498.537700
498.562125
498.581125
498.607250
498.623825
498.648050
498.677625
498.711150
498.764600
498.795075
498.834450
498.871600
498.887675
498.906275
498.935125
499.013300
499.033675
499.079825
499.103225
499.123000
499.146375
499.166000
499.187050
499.209525
499.235050
499.249175
499.377450
499.482225
499.532450
500.752825
500.811850
501.031925
501.091250
501.142250
501.288875
502.239150
502.616550
502.836100
503.060975
503.221125
503.363650
504.196625
504.236025
504.442150
504.488525
504.534250
504.542025
504.566125
504.597775
504.640300
504.690075
504.746675
505.210275
505.241525
505.271450
505.316925
505.350825
505.392725
505.476850
505.504950
505.506325
505.535450
505.566250
505.594525
505.645400
505.675750
505.722175
505.754675
505.788725
505.856625
505.881700
505.906725
505.951625
505.980275
505.999400
506.018375
506.055200
506.080600
506.127125
506.182275
506.229800
506.271275
506.292800
506.306600
506.335300
506.355350
506.364025
506.375425
506.401625
506.443025
506.464075
506.530675
506.563825
506.580500
506.600600
506.621675
506.635250
506.656950
506.670675
506.692550
506.716100
506.742000
506.765600
506.772450
506.811475
506.821525
506.862450
506.890325
506.924750
506.943100
506.953625
506.966050
506.994975
507.018125
507.088775
507.091400
507.102925
507.278200
507.299875
507.329350
507.352900
507.366225
507.390400
507.412950
507.440600
507.460175
507.493525
507.535725
507.558625
507.590900
507.616650
507.646700
507.709975
507.756075
507.785650
507.809850
507.828725
507.860075
507.907875
507.950225
507.998075
508.036475
508.079750
508.100725
508.145275
508.166075
508.206575
508.220825
508.253625
508.312425
508.355475
508.379525
508.404500
508.485625
508.535875
508.581550
508.603350
508.632800
508.651325
508.692650
508.714900
508.744975
508.796300
508.819400
508.868425
508.887000
508.923300
508.928500
508.949175
508.972175
509.002225
509.018900
509.033350
509.065200
509.123575
509.154875
509.173625
509.175275
509.206650
509.238900
509.256425
509.279425
509.281275
509.293050
509.339000
509.339975
509.371975
509.387475
509.438300
509.463200
509.556525
509.571725
509.650550
509.658225
511.355750
513.752225
514.158300
514.541950
514.759500
515.226275
515.312800
515.515775
516.091950
516.322350
516.384350
516.587250
516.740825
516.863775
516.997500
517.289325
517.379950
517.443975
517.672300
518.039650
518.294100
518.448125
518.591375
518.741100
518.835125
519.545375
519.636000
519.848675
519.935825
520.072875
520.167475
520.591000
520.728075
520.937825
521.153500
521.348300
521.578875
521.933150
522.073400
522.315650
522.499000
522.588625
522.708325
522.839425
523.206625
523.302050
523.417800
523.496950
523.620200
523.785750
523.957375
524.074850
524.143250
524.276775
524.595075
524.727050
524.928350
525.015350
525.147850
526.085025
526.769225
526.968375
527.130875
527.242600
528.126650
528.464675
528.638725
528.910100
529.543225
529.907500
530.416000
530.822975
530.959500
531.112000
531.961175
532.098950
533.105375
533.407650
533.642475
533.923200
534.205125
534.930925
535.718825
535.971900
536.166875
536.245625
536.342125
536.498275
536.581100
536.786400
537.040050
537.148775
537.272275
537.467075
537.520800
537.736375
537.937050
538.342825
538.523925
538.646675
538.743650
538.991550
539.095350
539.183275
539.315075
539.428650
539.566750
539.653750
539.746925
539.795475
540.018300
540.180050
540.288225
540.630475
540.841725
540.893200
540.964375
541.758525
542.217575
542.356400
542.682775
542.847150
543.224125
543.438100
543.568525
544.218400
544.364075
544.454150
544.618600
544.829975
545.329600
545.570725
545.669825
545.911750
546.141575
546.511375
546.626350
546.825350
546.971625
547.256200
547.375700
547.734875
547.855275
548.358400
548.517250
548.765500
549.056075
549.164075
549.442275
549.622225
549.947450
550.052975
550.275950
550.441050
550.772175
550.812000
550.831625
551.270025
551.512800
551.631625
551.765925
552.333600
552.479350
552.767750
552.900050
553.163900
553.482400
553.828925
553.929825
554.664225
554.770375
555.004125
555.098525
555.180225
555.294400
555.450175
555.604600
555.713550
556.264850
556.443150
556.607650
556.897225
556.948850
557.082300
557.180350
557.288750
557.690050
557.877575
558.276400
558.745875
559.079575
559.268600
559.470075
559.590500
560.329950
560.928650
561.178275
561.318425
561.873350
563.080100
563.403125
563.984925
564.206475
564.599375
564.765800
565.093750
565.635100
565.994300
566.263300
566.837350
567.084225
567.373650
567.839475
568.334525
568.753400
569.197225
569.407250
570.005450
570.134500
570.583975
570.727925
571.622125
571.710325
571.824050
571.981025
572.123175
572.212625
572.398775
572.517300
572.747475
573.130950
573.340600
573.579250
573.721050
573.830775
573.999225
574.119425
574.389150
574.734575
574.924450
575.161650
575.493075
575.687025
575.799975
575.918025
575.922750
576.051675
577.023600
577.653100
578.157125
578.675800
578.937350
579.482875
579.772600
580.660125
580.901700
582.299725
582.515925
582.668150
582.852475
583.101825
583.247600
583.335350
583.539700
583.636550
583.920775
584.213825
584.395950
584.530250
584.537425
584.776975
585.017775
585.779450
586.044850
586.317775
586.616450
586.756525
586.913950
587.039075
587.430000
587.560625
587.964225
588.053700
588.197150
588.276025
588.378650
588.764900
589.036700
589.129275
589.255050
589.302375
589.425700
589.504950
589.809300
590.175425
590.284925
590.413175
590.606975
590.895700
591.136825
591.411825
591.598900
591.805000
591.981025
592.120350
592.268150
592.678150
593.208375
593.368225
593.445775
593.559550
593.837200
594.024450
594.171700
594.462650
594.932125
595.460475
595.851250
596.009175
596.220350
596.403800
596.573025
596.821675
597.010175
597.303800
597.395100
597.579950
597.685475
598.164950
598.424400
598.710625
598.880575
599.080475
599.488725
599.644800
599.896775
600.242800
600.302675
600.430575
600.626575
600.965450
601.148050
601.224800
601.371625
601.519100
602.160325
602.249250
602.372575
602.563725
