# All spike data from neuron.
0.920325
0.982925
1.098925
1.186975
1.318100
1.432300
1.529400
1.613600
1.668300
1.712475
1.762925
2.133175
2.172575
2.249775
2.275950
2.661525
2.884975
3.104200
3.705575
3.764950
3.876900
4.200675
4.531375
5.111775
5.419025
5.864775
6.309900
6.642225
7.960775
8.052825
8.649550
9.848425
11.761050
12.057625
13.247850
13.489050
15.580600
15.908250
19.352575
20.601925
21.969550
25.485100
28.987525
31.767825
36.606350
37.243875
39.176150
39.331625
39.592575
40.303075
40.371500
40.418350
40.544150
40.631025
40.714275
40.754050
40.811750
40.829375
40.849550
40.879775
40.897275
40.910500
40.948750
41.020075
41.074150
41.105525
41.139275
41.185875
41.248550
41.266200
41.303600
41.396000
41.535150
41.664750
41.712225
41.736175
41.752925
41.813825
42.145025
42.258925
42.331875
42.391825
42.413300
42.536075
42.640500
42.673125
42.843600
43.057825
43.119775
43.185400
43.328400
43.414525
43.437775
43.475650
43.505325
43.586150
43.654300
43.990800
44.036525
44.081375
44.147450
44.282100
44.369625
44.551775
44.582625
44.687825
44.784050
44.975875
45.052275
45.110150
45.149525
45.200675
45.261975
45.390000
45.529525
45.565550
45.666225
45.704125
45.775075
45.926250
46.066250
46.125000
46.126875
46.232150
46.271225
46.527800
46.640125
46.923400
47.064450
47.116225
47.232650
47.436000
47.504675
47.659475
47.721050
47.766700
47.812650
47.922825
47.949775
47.991300
48.078925
48.212675
48.259400
48.321125
48.488975
48.551400
48.631425
48.688325
49.073325
49.094850
49.103725
49.178375
49.239500
49.323925
49.374300
49.447150
49.610600
49.901000
49.989500
50.026250
50.049950
50.167025
50.480450
50.746050
50.895825
50.950925
51.017625
51.125400
51.202775
51.276650
51.392550
51.539975
51.596925
51.710375
51.836675
51.955550
52.013925
52.107375
52.160950
52.237600
52.284075
52.389800
52.517475
52.713100
52.773375
52.918875
52.934725
53.055150
53.136900
53.167500
53.209825
53.241550
53.374275
53.404050
53.531675
53.557975
53.609525
53.624200
54.076525
54.180800
54.414800
54.536975
54.715125
54.772200
54.839825
54.928725
55.174500
55.356625
55.699500
55.766900
55.877950
56.033150
56.217950
56.321875
56.508700
57.184675
57.522875
57.695050
57.753900
57.896775
58.045575
58.110675
58.231825
58.393525
58.545700
58.646700
58.876075
59.068900
59.204275
59.361150
59.504725
59.652125
59.748425
59.830475
59.929775
60.127800
60.223525
60.275575
60.437925
60.562200
61.032350
61.223525
61.451900
61.555350
61.613225
61.713025
61.837725
62.141200
62.421600
62.773300
62.911700
63.055050
63.483800
63.874325
64.101475
64.168950
64.239825
64.299450
64.415375
64.574425
65.283200
65.378675
65.428350
65.725425
66.135575
66.206425
66.387050
66.473975
66.530900
66.605150
66.875925
66.996625
67.284175
67.427150
67.591350
67.822250
69.310600
69.530250
69.711350
70.001375
70.271450
70.469325
70.581625
70.713600
70.889425
71.016075
71.145775
71.370625
71.954950
72.070475
72.381375
72.431750
72.536675
72.778800
72.913325
73.042200
73.308075
73.559225
73.744525
74.060825
74.163300
74.373250
74.552125
74.642775
74.781175
74.929675
74.999250
75.070400
75.198500
75.331925
75.421200
75.543525
75.714950
75.907475
75.991150
76.185575
76.293600
76.417350
76.567900
76.766425
77.214150
77.348875
77.457975
77.675550
78.140575
78.254225
78.422700
78.570475
78.656050
79.647750
79.758025
79.908825
80.095200
80.238700
80.495925
81.207825
81.341750
81.497725
81.549775
81.737650
81.842175
81.923250
82.122575
82.334875
82.558225
82.767300
82.930375
83.091075
83.407225
83.487625
83.543575
83.812200
83.975575
84.414400
84.587850
84.931675
85.093775
85.418800
85.779825
85.984175
86.148175
86.236525
86.341200
86.758050
86.805625
86.842000
86.886850
87.159875
87.478950
87.671325
87.826400
87.970050
88.110400
88.184675
88.331500
88.415075
88.507000
88.616550
88.735850
88.804025
88.862250
88.913475
88.961550
89.117600
89.261900
89.360725
89.422250
89.583575
89.719650
89.828925
89.878225
89.997650
90.257075
90.288725
90.333725
90.393700
90.486675
90.544475
90.573400
90.633025
90.722875
90.783025
90.826550
90.897150
90.930325
91.048875
91.085600
91.185575
91.387775
91.439150
91.515175
91.593900
91.702525
91.768300
91.848725
91.954800
92.080975
92.150800
92.257375
92.326850
92.371850
92.408650
92.468225
92.659725
92.725400
92.752025
92.854175
92.996975
93.038550
93.080725
93.111875
93.228525
93.309300
93.379725
93.421625
93.493425
93.530275
93.615600
93.746700
93.810950
94.096550
94.186100
94.322775
94.359100
94.749950
94.782900
94.814225
95.082225
95.122350
95.191350
95.222625
95.436575
95.567150
95.743925
95.779825
95.869900
96.004200
96.054675
96.151650
96.218425
96.292075
96.343750
96.380450
96.420975
96.907400
97.012875
97.228600
97.266150
97.347350
97.427425
97.542300
97.610525
97.671225
97.836800
98.016800
98.088075
98.165800
98.427800
98.508775
98.589925
98.628450
98.758025
99.018825
99.076175
99.216575
99.515175
99.610450
99.807325
99.856300
99.884225
99.911650
99.958725
99.989125
100.022475
100.173950
100.230875
100.390475
100.556150
100.640325
100.725000
100.808200
100.853925
100.879875
100.967350
100.990775
101.016925
101.073300
101.128675
101.181450
101.206675
101.316800
101.398150
101.482950
101.501575
101.519525
101.574425
101.693325
101.731875
101.818025
101.995475
102.066450
102.338350
102.459850
102.860675
103.091000
103.269250
103.315400
103.482650
103.591150
103.686375
103.765325
103.823725
103.975425
104.166625
104.236450
104.325575
104.430150
104.673475
105.124500
105.189100
105.316700
105.377925
105.417250
105.571275
105.765200
106.018150
106.270725
106.660675
107.001250
107.304350
107.362075
107.615750
107.739700
107.834875
107.935450
108.068350
108.194225
108.429225
108.523900
108.731325
108.881775
109.024125
109.197800
109.238900
109.552225
109.736650
109.826625
110.125075
110.193200
110.355650
110.493075
110.661650
110.997700
111.201650
111.322775
111.469875
111.724675
111.900775
112.326825
112.379425
112.605350
112.856075
112.994375
113.215250
113.478550
114.212925
114.846825
115.057625
115.259750
115.381725
115.427550
115.590675
115.688775
115.999525
116.080650
116.330900
116.482375
116.619450
117.025750
117.164000
117.213250
117.334000
117.377950
117.495675
117.665000
117.762425
118.059175
118.169100
118.239900
118.372825
118.493800
118.578325
118.991050
119.257800
119.484950
119.585075
119.677875
119.850800
120.142375
120.480825
120.571800
120.701225
120.935950
121.097075
121.238275
121.380825
121.661775
121.933200
121.968550
122.088100
122.300475
122.555100
122.737425
122.785575
123.097850
123.263775
123.381375
123.694900
123.971725
124.055450
124.483050
124.661275
125.138950
125.369875
125.395075
125.504800
125.630475
125.731800
126.007800
126.213125
126.420200
127.317125
127.535400
127.665700
127.755675
127.801100
127.917950
128.117600
128.209750
128.343075
128.513100
128.592775
128.709550
128.882000
129.179325
129.351475
129.518825
129.589125
129.680950
129.969425
130.195075
130.322325
130.605025
130.779350
130.842900
130.845600
130.934350
131.113400
131.128125
131.223500
131.584950
131.669175
132.053875
132.116075
132.655050
132.841325
133.025700
133.121750
133.857750
134.272275
134.690350
134.691675
135.042425
135.159350
135.350500
135.598100
135.736000
136.233975
136.357625
136.614325
137.311375
137.324075
137.415575
137.802700
137.921475
138.535875
138.882550
139.221125
139.394750
139.396700
139.548200
139.773250
139.812825
139.933875
140.244100
140.310900
140.316475
140.378125
140.411300
140.450225
140.726425
140.774250
140.795500
140.922325
141.013075
141.312025
141.344775
141.373900
141.477300
141.850750
141.866900
142.741975
143.150075
143.237200
143.550900
143.756525
143.786875
143.933800
143.960575
143.979200
144.082850
144.276225
144.327950
144.376650
144.418925
144.490075
144.550475
144.642525
144.779350
144.855950
144.912625
145.169275
145.231950
145.367075
145.442550
145.509750
145.608800
145.665000
145.769025
145.883100
145.985800
146.038425
146.119950
146.278925
146.318250
146.364500
146.480100
146.643050
146.712375
146.741450
146.902100
147.034475
147.081650
147.296675
147.464950
147.569550
147.596825
147.757100
147.845500
147.880900
147.899975
148.035625
148.174150
148.228150
148.328450
148.363375
148.485775
148.555775
148.613325
148.723575
148.745000
148.948550
149.032725
149.074125
149.175375
149.204175
149.370275
149.409600
149.640700
149.850625
149.902025
150.054775
150.093175
150.135650
150.415325
150.582900
150.699550
150.747000
150.864600
150.892625
151.038175
151.126625
151.180100
151.288450
151.416125
151.513625
151.586300
151.715300
151.786025
151.875525
151.955675
152.260325
152.482600
152.599025
152.673675
152.721725
152.787875
152.830750
153.062550
153.260650
153.349175
153.404200
153.452250
153.518950
153.666275
153.754650
153.860075
153.948500
154.008375
154.105475
154.161400
154.247500
154.329575
154.414400
154.460550
154.510200
154.543800
154.617025
154.741900
154.879450
154.937575
155.041775
155.090250
155.162025
155.197775
155.309100
155.353725
155.517900
155.589000
155.739450
155.832325
155.998000
156.207900
156.313400
156.358200
156.413000
156.460100
156.650025
156.707125
156.744150
156.845150
156.936950
157.083200
157.143575
157.188350
157.285850
157.374625
157.604250
157.859400
157.936400
158.233075
158.402325
158.742625
158.888225
159.010875
159.128800
159.281250
159.355100
159.431525
159.464900
159.493275
159.535700
159.558775
159.579025
159.606350
159.739675
159.791600
159.848600
159.984725
160.177425
160.394550
160.681900
160.818050
160.898575
160.996475
161.058275
161.110575
161.191100
161.262425
161.531825
161.771800
161.988750
162.937675
163.271950
163.495175
163.573100
163.786350
163.926775
164.020650
164.147525
164.339725
164.648175
164.720600
164.837000
164.910175
165.016500
165.096825
165.401550
165.583025
165.841900
166.189100
166.304325
166.416525
166.598375
166.610575
166.707875
166.796625
166.969300
167.047575
167.475800
167.889175
167.923850
168.041400
168.123650
168.176675
168.237475
168.341925
168.463325
168.555800
168.622150
168.712900
168.872875
168.896075
168.992175
169.050775
169.097000
169.165550
169.189175
169.450550
169.515100
169.560875
169.596075
169.663300
169.749275
169.940900
170.084200
170.476425
170.595050
170.841750
170.967875
171.452350
171.487850
171.664250
171.889400
172.033550
172.329900
172.486500
172.779550
172.941825
173.220425
173.316850
173.417675
173.532450
173.918375
174.174750
174.462150
174.620550
174.775650
174.875350
174.943425
175.012050
175.203450
175.278625
175.341175
175.702950
175.992800
176.104475
176.197425
176.342500
176.632125
176.717750
176.944150
177.234850
177.412925
177.688400
177.777850
177.948875
178.080250
178.250375
178.555700
178.820225
179.035300
179.394525
179.470275
179.548675
179.658700
179.765250
179.888400
179.995825
180.107300
180.503150
180.946850
181.007700
181.058675
181.130600
181.494500
181.594550
181.678500
181.769100
181.928250
182.163475
182.541800
182.867725
182.958525
183.135625
183.348375
183.446775
183.604175
184.114500
184.307875
184.485525
184.844700
185.010900
185.048275
185.800450
186.121575
186.302250
186.630950
186.777325
187.463450
187.597500
187.677500
187.860975
187.993925
188.107550
188.210050
188.296575
188.551375
188.766100
188.840800
189.025300
189.199975
189.382425
189.515225
189.632725
190.260650
190.293975
190.304000
190.336875
190.365950
190.400575
190.532475
190.555650
190.612550
190.679075
190.719350
190.793025
190.856325
190.934475
190.956275
190.985325
191.018800
191.062450
191.282550
191.321525
191.358850
191.423275
191.499775
191.573375
191.715875
191.990175
192.031600
192.111500
192.245475
192.682200
192.828125
193.035175
193.084625
193.151250
193.218150
193.252525
193.481200
193.637300
193.695975
193.731125
194.480250
194.515525
194.759400
194.812725
194.865150
195.111900
195.221450
195.293000
195.448325
195.644550
195.708075
195.751125
195.866575
195.967575
196.102125
196.133325
196.323150
196.391650
196.444850
196.496350
196.540000
196.629475
196.685375
196.716425
196.740400
197.016325
197.204000
197.319975
197.393350
197.440325
197.634450
197.705275
197.779425
197.936825
198.064300
198.120750
198.216125
198.458700
198.569650
198.706900
198.770325
198.819575
198.871725
198.919675
198.967175
198.991925
199.101025
199.226400
199.332525
199.376250
199.451175
199.543075
199.629225
199.725700
199.895450
199.951050
199.994000
200.058600
200.074825
200.101625
200.130250
200.167550
200.206275
200.252250
200.278575
200.379775
200.485250
200.629525
200.673100
200.717175
200.741750
200.786975
201.014625
201.145550
201.476550
201.658450
201.730825
201.852300
201.913200
201.984475
202.043900
202.177825
202.239725
202.276925
202.316150
202.389975
202.450875
202.502175
202.648050
202.718750
202.928100
203.004900
203.237825
203.332225
203.388500
203.437700
203.538950
203.684775
203.751450
203.847225
203.889075
203.935150
204.151000
204.365175
204.470075
204.513125
204.577975
204.625375
204.697650
204.804175
204.838250
204.961350
205.052050
205.524350
205.620600
205.681075
205.734625
205.828700
205.982300
206.251925
206.413700
206.472025
206.647075
206.716350
206.808375
206.857875
206.903825
207.006800
207.107950
207.151500
207.354950
207.681750
207.759550
207.841025
208.225075
208.283700
208.312000
208.384375
208.573700
208.689650
208.751050
208.807325
208.857100
208.912000
209.061725
209.127800
209.221750
209.503150
209.601475
209.710875
209.781950
209.928150
210.126375
210.231350
210.287300
210.413350
210.451650
210.597325
210.643100
210.689100
210.715500
210.738825
211.136225
211.195850
211.281675
211.452325
211.716650
211.923500
212.020375
212.232250
212.285450
212.357800
212.903625
213.115225
213.429750
213.491775
213.649800
214.085750
214.441325
214.515675
214.589775
214.695925
214.746325
214.821850
215.084750
215.199100
215.286025
215.347000
215.396800
215.470425
215.665150
215.715375
215.788675
215.897675
215.984975
216.063650
216.090050
216.135725
216.184025
216.286875
216.435825
216.482475
216.627325
216.744900
216.810925
216.883150
217.319725
217.405525
217.603425
217.853400
217.952100
218.332725
218.372500
218.685575
218.787275
218.980925
219.175250
219.246200
219.361475
219.454750
219.595225
219.688750
219.800900
219.873675
219.965425
220.065525
220.164025
220.221725
220.314200
220.361200
220.385100
220.451400
220.547375
220.735250
220.856450
220.909400
221.083825
221.526825
221.585325
221.656350
221.880325
222.129250
222.309475
222.411625
222.537425
222.626025
222.715075
222.969300
223.049325
223.139650
223.392275
223.742600
223.840575
224.001325
224.117550
224.338050
224.409000
224.489975
224.505000
224.667675
224.981275
225.126050
225.486400
225.547975
225.870575
226.078850
226.111325
226.230050
226.295750
226.384975
226.434225
226.540450
226.633325
226.671575
226.967925
227.075825
227.115125
227.299575
227.390425
227.770975
227.966025
228.041375
228.175050
228.488325
228.666175
229.462925
229.668700
229.876750
229.980700
230.854775
231.205625
231.390725
231.571250
231.680200
231.777350
231.908025
231.970300
232.095525
232.188275
232.324250
232.443150
232.743000
233.010775
233.044775
233.103425
233.120875
233.161800
233.224450
233.271175
233.430475
233.516650
233.570250
233.670275
233.741525
233.858475
233.898800
233.919300
233.968900
234.019000
234.145375
234.440250
234.494700
234.556350
234.675275
234.928500
234.990250
235.110950
235.206950
235.304575
235.475675
235.587450
235.707425
235.784425
235.855575
235.939600
236.180225
236.271875
236.332150
236.426150
236.642850
236.736425
236.944825
237.013825
237.063850
237.411850
237.706150
237.830700
237.910275
238.023500
238.202675
238.240725
238.292225
238.304550
238.351525
238.414325
238.488150
238.577875
238.705350
238.839025
238.913650
238.978725
239.203925
239.258375
239.349575
239.527500
239.780750
239.916300
240.091400
240.246625
240.298750
240.340050
240.424675
240.620950
240.726450
240.903700
241.010150
241.069550
241.136875
241.251300
241.276850
241.325000
241.403750
241.450325
241.645650
241.686150
241.743075
241.952975
242.042525
242.129725
242.232775
242.276200
242.338175
242.385275
242.491025
242.547100
242.640225
242.695925
242.761825
242.836225
242.913650
243.006350
243.064825
243.106350
243.229150
243.428350
243.471025
243.575975
243.654500
243.716150
244.037375
244.136950
244.260725
244.405525
244.483050
244.557600
244.604400
244.662675
244.813600
244.918975
245.233100
245.357600
245.493575
245.634325
245.778075
246.673750
247.374250
247.575050
248.343550
248.490675
249.292800
249.390200
249.725325
249.851775
250.024800
250.106550
250.191225
250.249575
250.298275
250.385500
250.486500
250.623225
250.661850
250.710675
250.754675
250.853175
251.022700
251.071725
251.208875
251.303350
251.363150
251.577825
251.806875
251.882975
251.929225
251.984150
252.143050
252.187300
252.217450
252.289800
252.344175
252.384175
252.508575
252.620575
252.736750
252.807150
252.870925
252.958150
252.996750
253.102350
253.194900
253.246900
253.317175
253.363825
253.425150
253.495100
253.597300
253.626950
253.755150
253.945775
254.014675
254.159825
254.333475
254.542025
254.673000
254.736325
254.828825
254.928050
254.982475
255.057175
255.156650
255.233575
255.394600
255.545625
255.704725
255.825375
255.928325
256.011900
256.232475
256.469300
256.545300
256.662175
256.846475
257.007200
257.029375
257.103125
257.244950
257.515475
257.734825
258.048275
258.194625
258.281875
258.503400
258.572150
258.610775
258.764400
258.908675
259.149100
259.237350
259.354950
259.445725
259.611450
259.646825
259.717550
260.182000
260.236025
260.370250
260.744425
260.977825
261.139225
261.410500
261.528700
261.805000
261.917450
262.107325
262.194450
262.243450
262.354425
262.562600
262.654475
262.746350
262.866800
262.963850
263.052750
263.178250
263.335275
263.411800
263.462100
263.533775
263.794075
263.795675
263.862800
263.948850
264.280375
264.589650
264.806000
265.023325
265.167100
265.322575
265.439825
265.509325
265.763950
265.829350
266.051225
266.134175
266.277575
266.356700
266.473775
266.587675
266.641750
266.989525
267.049350
267.234925
267.376075
267.487425
267.567750
267.608375
267.660600
267.854750
268.234525
268.346050
268.390175
268.748225
268.847725
269.164050
269.366675
269.837075
270.042475
270.652450
270.833975
271.101150
271.348275
271.473100
271.784650
271.925475
272.041375
272.222300
272.308225
272.518925
272.607100
272.869525
272.967300
273.088925
273.134675
273.360150
273.554725
273.719225
273.811325
273.973150
274.067250
274.120500
274.251875
274.328725
274.414325
274.719725
274.832650
275.002500
275.211825
275.300875
275.362875
275.547150
275.699900
275.837050
275.936500
276.037400
276.237350
276.319975
276.419950
276.454075
276.573950
276.636425
276.721650
276.733450
276.799325
276.864475
276.893750
276.927025
276.940675
276.977100
277.017775
277.083625
277.250375
277.429700
277.511075
277.692075
277.793900
278.105675
278.291725
278.458900
278.614375
278.682325
278.721175
278.751800
278.768625
278.880550
278.901350
278.962125
278.988375
279.019800
279.087250
279.360825
279.564000
279.660675
279.712850
279.749600
279.803975
279.839200
279.946550
280.033925
280.142175
280.212250
280.330275
280.369325
280.410100
280.430175
280.498700
280.510450
280.708875
280.735400
280.797575
280.840700
280.984475
281.064400
281.278625
281.476125
281.593300
281.702500
282.019500
282.300275
282.632375
282.801300
283.056700
283.415550
283.500975
283.683275
283.938725
284.116325
284.559000
284.768075
284.872275
285.078225
285.226125
285.298475
285.900500
286.035050
286.159225
286.462625
286.554400
286.663075
286.778550
286.849350
286.911425
286.970150
287.066175
287.107525
287.161300
287.193550
287.248225
287.304175
287.373500
287.437475
287.544250
287.598525
287.627300
287.710600
287.745550
287.917525
288.006025
288.060300
288.278350
288.363825
288.444150
288.586875
288.682650
288.826200
288.959975
289.217025
289.448100
289.617825
289.918275
290.175300
290.236050
290.266575
290.300600
290.329325
290.348075
290.366225
290.412775
290.429850
290.493450
290.571125
290.726975
290.796800
290.870750
291.009025
291.061450
291.148825
291.172925
291.355825
291.533250
291.675100
291.761875
291.890400
291.979550
292.064075
292.103950
292.189175
292.300525
292.463200
292.548125
292.687700
292.761275
292.807675
292.920600
293.073050
293.117100
293.183875
293.283375
293.326125
293.383500
293.430350
293.478575
293.529550
293.600650
293.667700
293.815750
294.007600
294.229225
294.429075
294.606775
294.857550
294.998000
295.104500
295.189700
295.642850
296.833950
297.784125
298.088975
298.162125
298.226500
298.613975
298.653225
298.867150
298.950100
298.968550
298.994025
299.245500
299.407325
299.533675
299.641950
299.707200
299.840850
299.953500
300.011400
300.178875
300.357500
300.402075
300.459650
300.582225
300.609675
300.756925
300.819950
300.858000
300.900675
301.085425
301.258975
301.311550
301.396950
301.453575
301.529625
301.603425
301.637125
301.811750
301.865075
302.385050
302.447575
302.504725
302.545850
302.578950
302.626075
302.658175
302.741175
302.781325
302.815800
302.846800
302.870200
302.953125
302.978600
303.039825
303.077225
303.101150
303.114350
303.229700
303.272700
303.304025
303.610450
303.649850
303.811675
303.977050
304.033200
304.115650
304.312175
304.401850
304.452775
304.576850
304.847675
305.047325
305.225650
305.326375
305.627450
305.727900
306.097100
306.442550
306.543775
306.719275
306.919425
307.079675
307.326050
307.432375
307.559375
307.644350
308.092675
308.291575
308.405625
308.523825
308.653375
308.821825
308.935200
309.032625
309.094625
309.179375
309.355125
309.410775
309.489475
309.604625
309.657300
309.808800
309.911075
310.000575
310.092500
310.200050
310.281525
310.442475
310.488600
310.622975
310.740375
310.877125
310.942850
311.004125
311.083250
311.218900
311.321475
311.509850
311.596700
311.678725
311.714100
311.789850
311.909950
311.999525
312.234875
312.323600
312.413150
312.569375
312.737225
312.883750
312.959525
313.183050
313.300375
313.417300
313.508125
313.551600
313.655000
313.773200
313.814225
313.889700
313.954350
314.102775
314.289100
314.457625
314.612200
314.749475
314.913325
315.105025
315.419100
315.627475
315.838475
316.101225
316.302450
316.412875
316.536275
316.772100
316.859825
316.939000
317.116075
317.248125
317.290325
317.449800
317.509150
317.728025
317.992075
318.219975
318.283850
318.339125
318.411825
318.542375
318.664725
318.834175
318.883650
319.142875
319.399550
319.500525
319.682300
319.717050
319.747125
319.815950
320.047700
320.209625
320.447650
320.587200
320.644825
320.718275
320.959550
321.177050
321.321350
321.462750
321.610925
321.723325
321.888700
322.155625
322.340700
322.426075
322.770050
322.844200
323.098275
323.320250
323.698850
323.898475
323.990800
324.175400
324.317600
324.396625
324.539725
324.564950
324.659575
324.753825
324.791375
324.890700
325.076225
325.140875
325.246025
325.460375
325.551875
325.656175
326.222025
326.370450
326.632575
326.666825
327.407575
327.899175
328.054700
328.217700
328.406850
329.086500
329.445025
329.588850
329.634650
329.788075
329.892925
329.992725
330.189725
330.271400
330.313275
330.403650
330.791225
331.236350
331.401400
331.413350
331.780750
332.199825
332.412900
332.676800
333.109900
333.358200
333.579325
333.889675
334.110525
334.198000
334.346075
334.489450
334.623825
334.737025
334.892625
334.956275
335.034475
335.063000
335.158400
335.247575
335.345275
335.440925
335.582575
335.801250
335.909775
336.010850
336.375125
336.572350
336.859950
337.405900
337.788675
337.979375
338.117175
338.222575
338.431900
338.550525
338.602875
338.769800
338.834750
338.867500
338.988575
339.358925
339.511500
339.753075
339.915900
340.196825
340.277600
340.333350
340.371650
340.396625
340.418625
340.483750
340.595150
340.679600
340.696525
340.741175
340.831775
340.971625
341.041625
341.120575
341.174600
341.207100
341.364000
341.424100
341.508200
341.554450
341.588450
341.637250
341.728800
341.751525
341.871575
342.011850
342.065775
342.098850
342.145900
342.192950
342.242800
342.376175
342.561975
342.714425
344.506225
344.607100
344.842525
345.052675
345.103075
345.373250
345.429100
345.549625
345.586725
345.978350
346.056600
346.185100
346.783875
346.817300
346.920175
347.384825
347.530125
347.612425
347.747950
347.804125
347.840625
348.024900
348.171075
348.248475
348.311875
348.400750
348.494775
348.560275
348.600075
348.649400
348.812050
348.843500
349.045200
349.146125
349.207425
349.249575
349.285000
349.326475
349.365075
349.660675
349.804975
349.936500
350.454450
350.676450
350.893650
351.084950
351.289750
351.384150
351.505600
351.571000
351.839600
351.944975
352.079825
352.289175
352.392325
352.436900
352.604300
352.888000
353.192925
353.298650
353.344325
353.440375
353.500475
353.578475
353.590700
353.627450
353.817100
354.118100
354.217275
354.255975
354.290875
354.509125
354.644350
354.730225
355.105125
355.340225
355.737650
356.059400
356.164925
356.456525
356.671200
356.757250
357.006950
357.127025
357.354600
357.478325
357.668425
357.957225
358.094900
358.236975
358.410100
358.598575
358.984850
359.288550
359.421625
359.583675
359.628800
359.762375
359.876725
360.083450
360.201775
360.333300
360.471475
360.661200
360.957200
361.066350
361.320600
361.469750
361.528200
361.675900
361.758625
361.980875
362.227300
362.346475
362.567300
362.697875
362.863725
363.890775
364.077600
364.191175
364.396725
364.521150
364.625800
364.699325
365.015075
365.175675
365.458525
365.658025
365.872500
365.976000
366.263225
366.441350
366.637625
366.831775
366.948075
367.348975
367.596825
367.765125
368.028950
368.169875
368.238475
368.483775
368.579450
368.685575
368.798275
368.832025
368.898775
368.928700
369.016400
369.077575
369.201225
369.269650
369.344400
369.488625
369.811900
369.891850
370.119350
370.374325
370.552900
370.641600
370.847250
370.941900
371.023175
371.117225
371.255650
371.449950
371.626550
371.796200
371.911875
372.020825
372.279225
372.449575
372.695375
372.738275
372.923775
373.125325
373.366375
373.485475
373.743725
373.846450
374.089575
374.198725
374.337875
374.404525
374.529075
374.730125
374.907250
375.011000
375.121750
375.333000
375.410825
375.742250
376.112175
376.200800
376.711450
376.883525
377.137625
377.422175
377.951425
378.135225
378.228775
378.493125
378.695650
378.871775
378.943650
379.218375
379.339700
379.392200
379.437800
379.501975
379.564300
379.719100
379.817550
379.985150
380.122850
380.200800
380.246950
380.411400
380.534300
380.644225
380.760675
380.949800
381.131775
381.347100
381.597400
381.891550
381.964600
382.079225
382.124275
382.160100
382.214875
382.330075
382.380600
382.469775
382.778250
383.013450
383.185825
383.528950
383.864425
384.272400
384.460325
385.082050
385.197875
385.480050
385.619700
385.769375
385.982250
386.137925
386.372525
386.452675
386.745725
386.927075
387.052300
387.071225
387.246475
387.391000
387.521425
387.637125
387.747875
387.879525
387.999750
388.049125
388.114750
388.242925
388.378325
388.499675
388.595825
388.658700
388.730000
388.786175
389.008025
389.108775
389.242400
389.566150
389.643150
390.000525
390.121425
390.175750
390.232625
390.256625
390.271725
390.381950
390.414125
390.573725
390.683500
390.746900
390.791025
390.824550
390.860525
390.892225
390.917200
390.937900
391.116125
391.154325
391.247875
391.307525
391.356975
391.404050
391.436325
391.481025
391.535650
391.574500
391.618825
391.661425
391.736375
391.767900
391.826525
391.855175
391.893925
391.930625
391.952175
392.013725
392.048525
392.073225
392.140575
392.186725
392.214575
392.258225
392.308625
392.325675
392.754150
392.894525
392.971425
393.059225
394.010375
394.213000
394.624175
397.323575
398.366500
398.755075
399.033725
399.208250
399.812075
400.000825
400.543450
400.568300
400.659400
400.945800
401.149800
401.500450
401.774925
401.842375
401.883950
401.956525
402.112325
402.212550
402.272625
402.365650
402.428350
402.514100
402.551875
402.645025
402.825075
402.875025
402.949225
403.238975
403.437200
403.652850
403.776800
404.001325
404.130500
404.377175
404.503275
404.687650
404.838675
405.071650
405.222950
405.516475
405.617800
405.711900
406.081050
406.234125
406.321850
406.367425
406.508350
406.671400
406.768700
407.054275
407.181450
407.613525
407.730400
407.847525
407.884675
408.152400
408.155575
408.351175
408.444150
408.514600
408.795950
409.117350
409.256850
409.456500
409.752625
409.835575
409.914800
410.010650
410.093750
410.421250
410.529975
410.652425
411.081375
411.267250
411.429375
411.599500
411.702450
411.777250
411.849625
411.923250
412.212450
412.265875
412.416425
412.459375
412.492950
412.851925
413.020250
413.104725
413.153825
413.225025
413.305725
413.356600
413.438850
413.603550
413.686650
413.801750
414.040875
414.114275
414.179750
414.308000
414.550250
414.729325
414.914725
415.141375
415.252225
415.329625
415.467425
415.654325
415.804325
416.013600
416.233600
416.280050
416.402450
416.538950
416.715950
416.944200
417.134325
417.261050
417.457725
417.726050
417.798125
417.923325
417.966025
418.043475
418.088700
418.182725
418.342975
418.428500
418.498325
418.571450
418.911150
419.054200
419.258600
419.469200
419.589500
419.832325
420.292975
420.443725
420.832900
421.066150
421.122925
421.243000
421.412875
421.491900
421.530750
421.771175
421.999075
422.076525
422.172775
422.201125
422.382675
422.457150
422.539125
422.683875
422.777900
422.911225
423.098300
423.260225
423.359800
423.464375
423.622475
424.086425
424.299400
424.370700
424.468850
424.593650
424.720950
424.784900
425.055075
425.170050
425.237250
425.316775
425.558950
425.827525
425.992925
426.168275
426.218525
426.263150
426.420575
426.481425
426.753675
426.800975
427.053750
427.086450
427.285325
427.373425
427.512650
427.624600
427.721025
427.741350
428.244025
428.616400
428.854200
428.963700
429.282950
429.342700
429.377500
429.442700
429.560250
429.621950
429.698075
429.861100
429.893700
429.928875
429.974250
430.062500
430.131300
430.171300
430.193875
430.355825
430.455850
430.514400
430.706900
430.794625
430.971000
431.031950
431.150175
431.203675
431.390925
431.434475
431.540825
431.746550
431.947325
432.038900
432.071600
432.075800
432.124500
432.205200
432.271025
432.305450
432.412275
432.510275
432.559325
432.618900
432.654350
432.719775
432.756625
432.913675
433.192575
433.224975
433.282925
433.461375
433.623700
433.692050
433.818650
433.982850
434.221450
434.410000
434.511775
435.009850
435.051575
435.222275
435.445175
435.645125
435.684450
435.685800
435.756275
435.837350
435.886700
435.933800
436.352850
436.358125
436.478225
436.553975
436.620750
436.720150
436.827325
436.990950
437.062675
437.095050
437.205525
437.273350
437.381275
437.425475
438.006850
438.065750
438.142525
438.245800
438.388700
438.488000
438.531150
438.668850
438.793100
438.981850
439.183750
439.237975
439.440650
439.786525
439.973350
440.087650
440.167850
440.209425
440.259625
440.366400
440.393925
440.428250
440.507300
440.603400
440.641825
440.725000
440.780300
440.826075
440.891925
441.078100
441.127700
441.151600
441.203900
441.522350
441.583625
442.373800
443.309550
444.361875
444.784375
444.960400
446.437925
446.739150
446.794050
447.088750
447.603475
447.696325
447.838700
448.474525
448.708150
449.155800
449.377150
449.441725
449.498425
449.553250
449.747600
449.840075
449.993725
450.051050
451.010525
451.313550
451.462575
451.565175
451.689075
451.769425
452.041225
452.167875
452.533725
452.676000
452.806100
453.060900
453.627925
453.752275
453.900350
454.093975
454.256225
454.312650
454.391675
454.775375
454.973500
454.979350
455.059325
455.359250
455.460900
455.553550
455.651075
455.717800
455.924575
456.011150
456.259300
456.410825
456.613350
456.655400
456.902825
456.966175
457.198950
457.348600
457.427225
457.713825
457.889650
458.090450
458.200325
458.410850
458.624925
459.154550
459.271800
459.914100
460.141375
460.358725
460.450725
460.848950
460.920575
461.039775
461.326075
461.431950
461.532875
461.732125
461.807925
461.863100
461.964225
462.042475
462.116025
462.188425
462.280650
462.577025
462.825450
462.897000
463.009575
463.247900
463.345150
463.462300
463.553800
463.720200
463.968725
464.183075
464.400850
464.506200
464.760375
464.848100
465.125875
465.633575
465.734375
466.113625
466.268525
466.327650
466.504675
466.716600
466.759900
466.785375
466.871600
467.273675
467.340550
467.457500
467.580225
467.681125
467.851750
467.924425
467.986050
468.045525
468.127700
468.175575
468.224900
468.408250
468.506300
468.625775
468.702975
469.155800
469.233225
469.295675
469.506700
469.595625
469.769800
469.947800
470.018750
470.041850
470.098150
470.147225
470.281475
470.571225
470.662925
470.751550
470.860875
471.297125
471.353700
471.519675
471.937800
472.027550
472.262725
472.410875
472.619875
472.912425
472.975650
473.139025
473.520575
473.607675
473.770325
473.947550
474.236300
474.330350
474.446950
474.844175
474.961825
475.020850
475.050625
475.230300
475.311075
475.483375
475.535500
475.698250
475.910950
475.997700
476.036925
476.325500
476.469300
476.504300
476.814975
476.944725
477.111750
477.211500
477.350750
477.612225
477.761075
478.130425
478.357350
478.522450
478.712275
478.774250
478.913475
478.980875
479.073125
479.160375
479.222100
479.564150
479.626450
479.788175
479.847675
480.147825
480.211050
480.368675
480.831425
480.989325
481.095925
481.310725
481.557650
481.660125
481.739600
481.799275
481.876775
481.979200
482.097950
482.184850
482.254000
482.446850
482.658650
482.873350
482.969475
483.200900
483.496750
483.711050
483.811625
483.967425
484.003600
484.094750
484.349800
484.453425
484.612100
484.834525
484.916900
484.966625
485.052675
485.352775
485.756600
485.801650
486.146350
486.454975
486.609100
486.976575
487.073850
487.509675
487.870100
488.466975
488.600825
489.149600
489.374275
489.670050
489.912250
490.244075
490.282050
490.332650
490.359600
490.424725
490.558050
490.644450
490.771125
490.857425
490.934575
491.016750
491.180825
491.330075
491.476850
491.565250
491.832825
491.895225
491.963350
492.014825
492.251575
492.708675
493.483000
493.560750
494.260675
494.559850
494.798775
495.166125
495.298850
495.378200
495.528675
496.543475
496.667350
497.470750
497.528450
497.665650
497.727425
497.797450
498.037375
498.309250
498.375800
498.532050
499.418350
499.725850
499.884650
499.978350
500.030925
500.166500
500.531775
500.703275
500.851550
501.029075
501.519450
501.561225
501.670175
502.149950
502.242175
502.286375
502.540575
502.774275
502.924800
503.074025
503.190525
503.308100
503.434425
503.583975
503.885875
504.361525
504.479500
505.140100
505.376175
505.680175
505.906975
506.257825
506.492875
506.974900
507.128875
507.306600
507.656550
507.932550
508.950375
509.188625
509.280250
509.552325
509.645575
509.830150
510.333825
510.468150
510.480650
510.589550
510.703750
510.851200
510.985750
511.066875
511.192225
511.281750
511.336725
511.592175
511.666425
512.058125
512.396850
512.477725
512.555600
512.753150
513.002975
513.137125
513.691200
513.781775
513.928575
514.201175
514.610950
514.681575
514.882075
515.068450
515.292950
515.354650
515.545425
515.611075
515.785950
515.886575
515.982525
516.091525
516.283475
516.574750
516.844825
517.005500
517.061200
517.239875
517.367500
517.433275
517.612725
517.703200
517.824100
517.961125
518.151300
518.195000
518.244500
518.458925
518.526350
518.558650
518.798900
519.015550
519.075150
519.130225
519.206075
519.251925
519.341500
519.471375
519.531375
519.603825
519.873975
519.999800
520.144100
520.263450
520.680875
520.805225
520.888250
520.939100
521.089675
521.204775
521.261500
521.293900
521.387300
521.478775
521.950200
522.078275
522.245225
522.444850
522.572225
522.672100
522.799100
522.912925
523.038800
523.127650
523.233725
523.295300
523.556150
523.630525
523.733800
523.877025
524.387350
524.557125
525.110825
525.265150
525.363850
525.434350
525.569825
525.611775
525.702950
526.072400
526.193775
526.236500
526.368800
526.568925
526.864900
526.947100
527.043800
527.238375
527.558475
527.689175
527.754075
528.162200
528.333750
528.442400
528.557425
528.708550
528.791125
528.925750
529.061175
529.276300
529.574750
529.738675
529.812500
529.947750
530.029725
530.194425
530.465500
530.741325
531.081575
531.382775
531.530750
532.020400
532.177050
532.824500
533.142825
533.270350
533.620050
533.975525
534.228300
534.391725
534.535150
534.909250
535.064350
535.268575
535.481025
535.611650
535.736100
535.802300
536.035100
536.397400
538.078525
538.448025
538.584700
539.542325
539.714200
540.708275
541.103775
541.462975
541.588975
541.900500
541.990025
542.160600
542.286950
542.363375
542.426075
542.521350
542.818225
542.997225
543.118250
543.750450
543.867400
544.019825
544.097650
544.173075
544.568550
544.755325
544.810600
544.977975
545.302450
545.659350
545.854700
546.052575
546.119075
546.343175
546.570950
546.750600
547.064100
547.236650
547.778250
548.176075
548.209500
548.296750
548.372400
548.411700
548.537625
548.799775
549.066875
549.338325
549.573100
549.667300
549.847550
549.927850
